2015	7	30	7	1364
2012	2	9	2	1466
2006	12	50	1	1582
2012	7	29	2	1504
2006	4	16	5	1488
2014	3	11	6	1505
2007	12	52	6	1329
2012	1	5	1	1307
2016	11	45	6	1158
2010	11	47	4	796
2008	1	1	5	1467
2010	4	16	6	1389
2014	6	23	4	1410
2012	8	31	7	1310
2015	12	53	1	1267
2016	10	42	3	1525
2008	10	43	5	1609
2012	11	45	4	1048
2012	8	34	3	1525
2011	11	44	2	1540
2008	5	21	7	1195
2008	5	20	4	1528
2014	6	26	6	1339
2010	6	24	2	1516
2008	5	20	2	1606
2015	2	8	5	1103
2015	5	22	3	1498
2007	9	37	6	1474
2013	8	35	4	1459
2010	9	37	7	1329
2014	3	13	4	1344
2016	10	41	2	1357
2009	6	27	2	1499
2016	12	52	2	1347
2009	8	34	5	1467
2016	1	53	6	1072
2006	2	6	7	612
2015	12	50	7	1261
2010	7	26	5	1423
2009	11	48	3	1429
2012	12	50	3	1411
2006	2	6	1	1528
2006	6	24	5	1618
2007	2	8	4	1415
2014	6	22	7	1212
2011	12	52	6	1118
2008	2	7	3	1266
2014	11	45	4	1349
2006	1	1	5	1563
2015	6	26	3	1437
2007	4	14	6	1280
2012	2	8	7	1131
2008	10	42	5	1560
2009	4	15	4	1482
2006	5	20	7	1257
2009	12	53	4	1094
2016	6	25	6	1265
2016	2	7	5	1172
2010	9	38	6	1407
2010	7	28	3	1501
2010	1	1	3	1498
2013	4	17	2	1353
2012	4	16	2	1592
2015	9	37	3	1490
2007	2	5	6	1226
2013	10	40	5	1598
2016	3	11	3	1378
2010	11	45	6	1457
2007	4	16	5	1576
2012	4	15	5	1434
2008	7	31	2	1791
2006	8	34	1	1677
2010	4	14	1	1343
2016	7	26	5	1361
2012	8	32	6	1476
2013	11	46	5	1517
2012	11	47	6	1205
2016	12	50	2	1322
2006	4	15	5	1412
2006	10	42	4	1656
2016	6	24	5	1396
2006	12	51	3	1549
2016	3	12	2	1327
2008	2	8	6	1227
2015	7	27	4	1372
2016	3	12	4	1343
2013	6	26	2	1482
2006	2	7	1	1093
2014	3	10	4	1367
2015	5	20	6	1268
2011	8	31	6	1300
2010	11	46	2	1444
2010	4	17	4	1550
2006	2	9	2	1460
2013	4	18	1	1339
2007	2	6	7	1137
2008	7	28	6	1337
2013	2	6	1	1193
2007	6	26	3	1608
2016	8	33	2	1503
2010	4	15	3	1542
2010	2	5	4	1402
2012	5	20	3	1612
2011	1	5	1	1168
2013	6	25	4	1436
2012	12	48	7	1189
2013	6	22	6	1242
2006	1	3	7	1189
2006	9	38	7	1431
2013	12	49	1	1389
2006	10	41	2	1652
2008	10	41	4	1579
2012	6	26	1	1386
2007	9	38	2	1594
2014	9	40	1	1495
2011	8	32	6	1394
2006	1	2	4	1660
2006	4	14	5	1559
2009	8	35	6	1311
2013	8	34	2	1469
2014	5	20	5	1438
2014	9	39	2	1492
2006	1	4	6	1299
2008	1	1	3	1409
2007	6	26	1	1605
2009	8	33	4	1625
2012	10	41	7	1214
2016	8	31	7	1256
2015	3	11	6	1215
2006	6	25	5	1683
2009	5	20	1	1445
2010	3	9	3	1489
2009	4	14	5	1438
2014	8	33	1	1490
2006	6	25	7	1288
2015	6	25	2	1518
2009	5	20	7	1151
2009	12	52	2	1344
2015	6	26	1	1471
2006	1	2	2	1733
2006	9	39	3	1718
2013	11	46	3	1455
2007	4	13	7	1158
2009	5	18	5	1518
2007	5	20	3	1646
2009	2	8	1	1164
2006	5	19	7	1204
2007	10	43	5	1522
2015	11	46	1	1381
2012	8	32	4	1608
2009	4	15	6	1206
2016	11	45	4	1171
2013	10	43	6	1316
2015	11	46	7	1126
2011	8	33	5	1390
2010	1	4	4	1353
2016	8	31	5	1459
2014	4	17	1	1277
2009	5	19	7	1146
2011	6	26	3	1526
2008	2	7	1	1199
2006	8	35	3	1547
2006	10	43	5	1523
2015	8	34	1	1468
2015	12	49	7	1148
2015	3	14	1	1270
2009	7	31	1	1463
2013	2	8	4	1403
2007	10	40	2	1683
2011	11	47	6	1277
2012	2	7	3	1495
2012	1	3	2	1439
2007	10	40	4	1679
2014	6	25	7	1261
2006	10	39	7	1317
2016	11	47	3	1209
2011	7	28	2	1636
2014	6	24	5	1421
2015	9	37	1	1182
2008	8	31	5	1590
2016	4	17	5	1356
2010	3	11	6	1395
2011	12	49	5	1494
2013	6	24	5	1398
2008	5	18	6	1365
2010	11	45	4	1423
2013	11	44	7	1199
2016	1	3	2	1244
2012	2	6	1	1345
2016	11	46	7	1023
2006	9	37	4	1553
2012	7	27	1	1437
2006	2	5	6	1335
2007	5	22	4	1622
2015	2	8	7	945
2012	11	47	4	754
2014	8	35	6	1349
2006	10	42	6	1367
2010	9	35	5	1549
2006	12	51	1	1507
2009	2	8	3	1333
2008	4	16	2	1564
2013	8	33	3	1658
2015	5	20	4	1442
2015	6	23	3	1439
2009	8	32	2	1604
2010	9	39	3	1640
2012	2	6	7	1049
2013	3	13	4	1366
2010	10	40	1	1302
2013	2	6	3	1428
2008	10	44	4	1472
2006	8	33	6	1401
2015	12	52	1	1370
2011	12	50	4	1573
2009	11	47	6	1410
2006	5	19	1	1587
2006	5	21	3	1615
2006	2	8	4	1467
2012	10	42	6	1483
2014	11	47	3	1248
2007	9	35	6	1408
2012	2	5	6	1388
2012	8	35	5	1438
2008	10	40	6	1340
2009	12	51	6	1079
2015	10	43	2	1412
2006	9	38	5	1577
2007	4	17	6	1395
2008	2	9	4	1441
2006	5	18	1	1637
2011	4	16	6	1246
2011	8	31	4	1478
2015	11	47	3	1398
2008	8	32	2	1631
2009	3	12	1	1412
2010	10	43	6	1253
2010	1	3	4	1581
2006	5	22	2	1785
2006	4	16	3	1581
2012	4	15	7	1256
2012	6	22	7	1299
2012	12	51	6	1185
2007	8	33	2	1673
2016	3	9	7	1137
2013	10	43	4	1402
2010	3	11	4	1612
2011	4	15	3	1433
2011	12	50	2	1416
2014	6	23	2	1495
2011	6	25	2	1590
2013	2	7	1	1137
2010	10	40	7	1234
2009	3	10	2	1203
2011	4	15	5	1483
2013	3	12	6	1224
2008	9	39	2	1577
2010	10	41	3	1613
2008	10	43	7	1231
2012	6	25	6	1352
2014	4	18	2	1365
2016	7	28	3	1446
2015	7	28	3	1484
2013	7	28	3	1523
2016	4	16	5	1418
2015	7	29	6	1324
2008	8	35	3	1574
2016	6	22	3	1537
2013	3	11	2	1301
2006	10	40	4	1599
2009	7	28	2	1516
2006	8	34	7	1134
2014	3	12	2	1401
2007	12	49	2	1457
2007	1	3	6	1281
2009	1	2	3	1400
2011	8	33	3	1601
2010	11	44	5	1531
2012	4	14	3	1583
2016	3	10	6	1239
2012	7	30	3	1650
2010	2	7	7	1179
2015	12	51	5	1325
2014	4	17	3	1525
2009	11	48	5	1256
2009	11	45	3	1497
2013	7	31	2	1496
2012	11	46	5	1371
2007	2	8	2	1572
2016	8	34	6	1259
2009	12	49	5	1484
2012	5	18	5	1536
2010	4	15	1	1428
2016	2	8	4	1301
2009	7	31	3	1507
2014	8	32	1	1478
2015	11	45	6	1314
2007	5	19	7	1141
2016	7	29	1	1409
2006	8	31	7	1284
2014	6	25	5	1513
2015	2	9	5	1254
2013	3	10	4	1236
2008	4	14	2	1583
2006	12	52	3	1481
2006	1	1	3	1634
2009	3	13	3	1594
2008	12	51	2	1496
2008	1	3	7	1221
2012	12	50	5	1404
2016	11	46	5	1381
2008	8	31	7	1392
2009	6	24	3	1544
2016	10	40	4	1464
2015	3	13	6	1171
2013	10	40	7	1335
2016	3	11	5	1399
2009	8	35	4	1674
2009	11	44	7	1405
2013	7	30	4	1615
2015	12	51	3	1296
2006	9	37	6	1385
2012	10	43	4	1476
2008	3	12	1	1463
2011	4	13	7	1192
2008	2	6	1	1419
2013	7	27	7	1325
2016	7	26	7	1232
2009	12	50	4	1485
2008	9	36	3	1649
2016	7	28	1	1325
2006	4	15	7	1116
2010	11	48	1	1402
2016	6	24	3	1543
2016	8	34	4	1456
2013	6	25	6	1405
2015	11	48	7	1122
2013	11	47	6	1415
2009	3	12	7	1170
2008	12	50	4	1362
2011	4	14	7	1200
2006	5	21	5	1538
2006	4	17	6	1332
2008	12	52	6	1275
2010	1	2	2	1447
2007	1	1	3	1667
2007	6	25	2	1749
2007	7	27	1	1554
2015	7	28	5	1331
2009	10	43	2	1484
2013	10	41	3	1540
2009	5	21	1	1443
2007	12	50	6	1390
2008	8	35	1	1519
2014	8	32	7	1374
2016	8	32	4	1346
2016	7	27	3	1423
2007	4	17	4	1662
2011	4	16	3	1478
2013	1	3	1	1366
2006	2	8	7	1045
2014	10	43	1	1457
2011	9	38	3	1574
2014	8	34	3	1645
2012	3	13	4	1453
2010	10	43	3	1579
2010	8	34	1	1253
2011	5	18	2	1511
2009	2	7	5	1493
2009	9	37	1	1196
2007	3	12	3	1522
2011	10	41	4	1423
2011	3	12	4	1479
2006	8	31	4	1587
2012	4	15	6	1203
2007	6	26	4	1467
2009	10	44	1	1492
2009	8	33	7	1295
2016	4	13	6	1243
2007	6	26	2	1715
2016	8	34	5	1392
2009	10	40	4	1486
2008	6	25	3	1598
2013	4	14	4	1322
2006	6	25	2	1820
2014	8	33	2	1517
2014	4	18	3	1098
2013	6	23	3	1561
2014	6	26	5	1474
2014	12	51	1	1234
2016	1	1	7	1113
2016	9	36	7	1245
2010	6	24	5	1577
2011	9	36	6	1301
2015	2	7	2	1197
2015	4	16	1	1333
2007	9	37	5	1597
2011	7	29	1	1390
2015	1	4	4	1383
2009	7	28	3	1577
2007	1	3	3	1435
2011	10	43	6	1110
2014	12	52	3	851
2010	5	19	6	1341
2006	7	30	3	1735
2008	11	47	3	1538
2016	12	52	5	1308
2009	8	34	6	1373
2013	9	39	5	1519
2015	12	50	4	1383
2014	4	17	2	1429
2009	11	48	6	1251
2009	5	19	4	1472
2011	3	11	7	1176
2006	9	36	3	1581
2014	4	17	4	1415
2006	1	1	6	1316
2006	10	43	6	1288
2010	12	49	1	1277
2011	1	3	3	1524
2010	4	15	6	1333
2009	7	31	2	1641
2009	8	35	3	1661
2007	12	50	5	1477
2016	9	37	3	1407
2009	6	23	2	1557
2014	6	25	4	1581
2006	5	20	4	1591
2013	12	51	2	1220
2015	8	33	2	1354
2007	3	10	1	1394
2006	11	44	5	1481
2011	7	28	7	1320
2015	9	37	6	1364
2008	8	31	6	1445
2006	7	31	1	1613
2014	4	15	7	1230
2010	11	45	3	1593
2013	12	52	3	805
2013	10	40	6	1455
2009	8	35	5	1412
2006	1	2	7	1018
2006	9	37	7	1326
2014	7	30	1	1439
2013	9	38	5	1591
2007	4	16	6	1380
2006	9	37	1	1627
2011	10	40	2	1402
2012	11	47	3	1341
2016	12	50	7	1074
2016	7	26	6	1248
2010	12	48	7	1061
2010	3	13	2	1128
2016	1	4	1	1067
2009	10	42	7	1123
2016	12	50	1	1231
2012	4	16	5	1565
2009	4	17	5	1579
2008	8	33	7	1363
2010	3	11	7	1232
2007	11	46	4	1523
2007	6	23	6	1314
2013	1	4	3	1172
2014	12	50	1	1163
2009	2	6	5	1355
2015	5	20	1	1448
2013	5	20	4	1532
2007	6	25	3	1697
2016	11	44	3	1506
2013	4	18	2	1458
2009	9	38	2	1515
2014	9	36	6	1406
2011	3	9	4	1313
2007	7	29	1	1578
2007	6	25	5	1476
2008	11	46	7	1140
2008	5	19	3	1609
2010	3	10	3	1591
2009	10	43	3	1711
2011	4	15	6	1133
2016	4	17	2	1350
2016	9	39	4	1325
2007	11	45	7	1305
2009	10	43	5	1623
2006	3	10	3	1583
2016	11	45	1	1257
2009	12	51	5	1356
2015	10	43	1	1293
2010	12	51	6	677
2013	6	24	6	1430
2015	1	2	6	988
2007	4	17	5	1479
2014	10	43	3	1337
2009	7	29	7	1356
2008	3	10	3	1566
2008	11	48	2	1504
2011	5	20	2	1372
2007	9	38	1	1536
2009	9	37	3	1463
2009	4	18	4	1552
2011	3	12	6	1191
2007	8	33	1	1597
2016	11	45	7	1183
2015	12	53	4	1086
2010	3	11	1	1326
2015	3	11	5	1290
2013	5	18	5	1423
2006	6	25	4	1742
2015	10	40	6	1124
2013	5	19	7	1181
2008	10	43	4	1489
2009	5	20	4	1464
2009	4	14	6	1268
2008	5	20	7	1313
2010	6	24	3	1568
2008	10	43	2	1615
2016	9	36	5	1407
2008	8	35	4	1622
2006	11	47	6	1408
2014	2	7	5	1057
2015	2	8	2	1117
2006	5	19	4	1648
2013	1	2	1	1289
2007	3	11	3	1680
2016	5	19	4	1562
2015	2	8	4	1127
2007	12	49	1	1388
2007	8	34	6	1421
2015	8	36	1	1378
2014	6	23	7	1200
2015	9	38	2	1432
2015	4	14	6	1218
2016	12	52	3	1236
2006	7	27	4	1609
2011	6	22	3	1616
2006	2	6	4	1495
2010	4	16	5	1585
2009	5	22	3	1533
2016	1	2	7	1180
2011	3	11	5	1496
2012	11	47	5	1197
2006	3	11	1	1536
2015	6	26	4	1534
2012	8	32	1	1457
2009	7	31	4	1580
2012	8	33	3	1404
2014	2	7	7	1011
2015	6	26	2	1512
2011	11	47	5	1420
2010	6	23	4	1578
2008	8	35	2	1589
2009	4	15	5	1405
2014	6	25	2	1504
2011	9	36	4	1360
2016	8	31	6	1238
2009	4	16	5	1426
2008	8	34	7	1306
2011	10	43	4	1303
2014	12	51	3	1377
2016	4	14	2	1212
2011	2	8	1	1090
2006	11	47	4	802
2011	7	28	1	1422
2015	5	21	3	1515
2007	6	24	7	1188
2008	11	45	4	1495
2013	4	17	3	1555
2012	4	16	3	1553
2014	4	15	5	1469
2013	4	17	5	1394
2009	2	8	4	1404
2014	9	39	7	1315
2014	7	30	3	1513
2008	5	22	4	1560
2007	7	30	2	1732
2016	3	12	1	1217
2010	5	21	5	1545
2006	8	34	2	1615
2014	2	9	2	1385
2011	3	10	5	1366
2012	8	32	7	1428
2006	10	42	3	1683
2006	4	15	4	1604
2006	10	42	5	1567
2011	9	39	5	1408
2009	7	30	7	1224
2012	2	6	2	1459
2010	8	35	1	1445
2006	4	15	2	1574
2011	7	27	7	1304
2009	2	8	2	1351
2009	2	6	7	1076
2015	5	20	7	1213
2011	8	31	7	1234
2013	2	6	6	879
2013	5	20	6	1254
2011	8	31	1	1459
2008	7	28	5	1620
2007	7	29	3	1447
2012	9	36	3	1464
2008	10	44	3	1471
2008	11	46	5	1533
2015	12	52	2	1284
2009	5	21	2	1510
2014	4	14	5	1415
2012	4	17	7	1270
2012	3	9	5	1440
2010	6	25	7	1220
2013	6	25	5	1490
2012	2	5	3	1596
2014	7	31	1	1418
2010	10	39	7	1246
2008	10	40	5	1615
2015	1	1	7	878
2007	4	17	3	1654
2007	12	52	3	1412
2010	5	19	4	1550
2006	9	38	6	1428
2013	1	3	3	1297
2011	7	26	5	1458
2010	5	18	5	1615
2015	1	5	2	741
2008	8	32	3	1581
2008	3	10	1	1457
2006	5	18	2	1660
2012	6	26	2	1427
2016	12	49	6	1188
2008	8	32	5	1504
2013	10	42	3	1410
2007	8	33	7	1291
2010	11	47	7	1215
2008	2	8	5	1121
2013	9	36	6	1426
2006	3	13	3	1532
2013	9	37	4	1473
2008	6	25	1	1604
2013	5	19	5	1530
2011	2	7	2	1439
2012	11	45	7	1066
2015	6	25	3	1501
2009	11	47	3	1552
2012	6	25	3	1500
2011	10	42	5	1541
2015	6	25	5	1433
2012	3	10	4	1558
2012	9	36	1	1326
2009	3	10	1	863
2014	7	27	6	1449
2007	3	11	1	1503
2015	4	16	3	1582
2013	4	16	7	1196
2006	10	40	7	1290
2009	7	28	5	1445
2015	11	46	2	1289
2013	10	43	7	1246
2006	7	30	1	1642
2010	11	44	6	1374
2016	5	22	1	1169
2016	1	53	5	1351
2006	8	33	3	1733
2013	10	43	1	1445
2006	2	7	2	1311
2013	9	39	7	1336
2014	9	38	1	1491
2013	4	15	6	1278
2016	8	34	3	1518
2012	11	46	6	1182
2015	1	3	4	1331
2007	2	8	1	1137
2008	2	7	6	1372
2010	5	20	5	1640
2015	3	14	2	1257
2014	8	32	4	1477
2014	2	6	3	1105
2015	11	45	3	1565
2009	4	15	3	1587
2007	10	40	1	1658
2009	4	16	7	1128
2012	3	12	2	1541
2006	7	27	6	1381
2011	2	8	3	1318
2006	11	44	7	1200
2011	10	39	7	1139
2008	11	45	6	1410
2013	5	22	4	1415
2016	7	28	6	1276
2013	5	21	5	1433
2016	4	17	4	1324
2009	5	18	6	1428
2014	4	16	7	1008
2010	11	45	5	1546
2015	3	13	3	1304
2014	9	39	1	1465
2016	1	3	3	1373
2015	12	51	6	1262
2016	11	46	6	1274
2008	7	31	1	1572
2015	10	42	1	1299
2016	1	3	5	1350
2010	6	22	6	1418
2007	4	15	3	1568
2014	1	5	4	1296
2006	3	12	5	1507
2012	11	48	5	1438
2007	3	13	5	1517
2010	5	20	7	1274
2006	12	51	6	1286
2007	11	46	6	1377
2006	3	12	7	1228
2015	10	43	7	1178
2006	11	45	3	1353
2006	5	21	6	1336
2011	2	9	1	1279
2006	6	26	5	1395
2007	8	32	1	1578
2009	3	12	2	1459
2011	1	3	1	1110
2011	4	14	4	1569
2011	12	50	1	1338
2012	9	39	2	1556
2010	10	40	2	1527
2012	3	11	6	1325
2008	10	44	5	1473
2014	7	27	4	1484
2015	6	24	7	1262
2016	12	51	1	1273
2009	10	41	7	1220
2013	6	25	3	1473
2007	11	45	5	1535
2010	1	53	5	1427
2006	3	10	1	1535
2015	1	1	5	1009
2010	11	48	2	1435
2016	5	19	6	1388
2016	8	32	7	1244
2008	6	26	2	1737
2014	2	8	4	1379
2014	10	43	4	1286
2009	7	29	4	1514
2016	4	13	5	1406
2012	9	39	5	1470
2011	7	26	6	1237
2015	7	30	2	1537
2012	1	1	6	1376
2011	5	18	7	1036
2014	6	25	1	1462
2008	1	5	2	1485
2014	2	8	7	1240
2011	5	18	1	1362
2008	8	32	6	1433
2016	3	9	2	1279
2009	6	26	5	1505
2011	3	12	3	1311
2010	1	3	3	1621
2014	9	37	3	1510
2009	10	44	2	1456
2013	3	12	1	1264
2011	11	48	2	1503
2009	6	25	6	1353
2006	7	29	2	1639
2006	6	25	1	1602
2016	10	42	6	1319
2012	5	21	6	1394
2013	5	19	4	1417
2014	1	4	3	1066
2006	7	27	1	1430
2013	7	28	6	1256
2007	6	23	5	1542
2015	7	29	3	1565
2013	5	19	2	1579
2011	2	8	6	1284
2010	12	48	4	1484
2011	10	43	3	1517
2007	5	20	4	1682
2014	2	7	6	1157
2015	4	16	4	1454
2016	6	22	4	1512
2015	4	16	2	1387
2011	10	43	5	1352
2014	10	42	7	1275
2015	1	4	7	1081
2009	7	28	6	1348
2014	3	12	5	1440
2010	5	19	3	1493
2016	10	41	5	1342
2006	7	30	6	1396
2008	3	11	7	1158
2009	1	2	4	1483
2016	3	10	1	1255
2016	1	2	4	1353
2014	5	21	4	1491
2014	4	17	7	1252
2016	11	46	3	1431
2008	6	24	7	1133
2015	10	41	3	1505
2014	1	3	2	1436
2006	11	44	6	1287
2008	12	52	1	1245
2011	12	52	3	1372
2008	3	12	6	1394
2010	4	15	5	1521
2012	3	11	5	1414
2014	1	5	1	1248
2010	7	28	4	1578
2009	1	1	7	1101
2012	1	3	5	1465
2016	6	25	1	1397
2008	4	17	5	1406
2015	8	33	7	1341
2006	7	27	7	1297
2012	9	37	7	1188
2011	9	36	1	1220
2010	1	1	4	1581
2008	1	3	2	1603
2014	12	51	6	1146
2010	9	38	3	1517
2007	8	35	3	1613
2008	11	45	7	1257
2015	9	37	5	1435
2015	4	15	3	1378
2016	5	21	2	1437
2016	10	40	3	1399
2016	4	17	1	1354
2008	11	45	1	1375
2011	7	30	3	1611
2012	10	43	1	1409
2011	6	23	7	1201
2011	12	49	2	1374
2015	1	2	5	1074
2012	9	38	7	1305
2006	9	37	2	1453
2008	9	37	6	1467
2012	7	27	6	1314
2012	11	48	2	1228
2016	5	18	3	1429
2012	11	48	4	1438
2016	4	14	1	1226
2007	11	46	1	1283
2011	7	27	4	1503
2009	9	39	7	1179
2007	11	46	7	1281
2012	1	4	5	1493
2014	3	10	1	1188
2014	10	40	5	1391
2012	7	28	7	1323
2010	1	2	5	1661
2016	11	45	2	1265
2013	3	13	3	1355
2013	5	20	3	1547
2007	6	25	6	1504
2009	10	43	6	1262
2006	3	10	6	1399
2012	5	20	4	1658
2008	6	26	5	1556
2015	1	1	4	1040
2016	5	19	7	1268
2008	6	26	3	1672
2013	3	10	3	1277
2016	5	19	1	1427
2013	1	3	6	1262
2010	7	30	5	1562
2011	8	32	3	1553
2011	5	20	3	1480
2012	4	15	3	1380
2013	8	34	7	1296
2009	6	26	7	1281
2011	3	12	5	1484
2007	5	20	6	1280
2014	5	20	2	1552
2012	12	51	1	1304
2010	3	11	2	1523
2011	6	25	5	1456
2016	10	42	4	1477
2008	9	39	5	1472
2009	10	40	7	1351
2008	6	25	2	1681
2011	2	7	1	1208
2013	7	28	4	1559
2008	6	25	4	1612
2008	10	43	1	1513
2015	10	44	4	1412
2008	8	35	7	1249
2014	11	44	7	1101
2016	9	36	6	1238
2010	6	24	6	1429
2015	8	32	1	1500
2012	1	2	5	1453
2016	7	28	5	1372
2011	9	37	3	1540
2010	9	37	2	1435
2013	3	11	5	1349
2016	12	52	6	1029
2009	9	36	7	1276
2016	10	41	7	1232
2016	6	26	2	1415
2013	8	35	3	1465
2015	9	38	1	1326
2010	1	4	1	1241
2011	5	21	7	1122
2013	9	39	4	1514
2013	4	15	5	1340
2013	9	39	2	1519
2013	11	47	1	1507
2011	6	26	4	1556
2011	12	52	1	1019
2012	10	44	3	1027
2008	9	36	4	1612
2007	7	27	6	1357
2016	12	51	2	1289
2014	11	45	3	1489
2012	5	19	4	1577
2014	7	29	2	1333
2016	6	25	3	1513
2007	11	47	3	1480
2010	8	32	2	1553
2009	6	23	3	1533
2006	11	47	7	1250
2011	9	36	7	1142
2010	1	1	6	1250
2009	6	23	5	1321
2011	1	2	7	1115
2010	9	38	1	1433
2015	4	17	7	1210
2011	7	28	4	1633
2007	6	24	4	1711
2008	12	51	5	1118
2013	4	17	6	1364
2012	4	16	6	1401
2013	5	21	6	1251
2008	4	16	5	1511
2009	10	42	4	1270
2013	10	40	3	1598
2014	9	39	4	1310
2015	2	8	1	997
2014	7	30	6	1347
2012	7	27	4	1693
2016	8	31	3	1427
2007	5	22	3	1698
2016	12	50	4	1181
2016	2	6	4	1229
2012	8	32	2	1549
2006	4	15	1	1532
2013	8	33	4	1501
2007	3	13	6	1299
2011	8	35	2	1534
2010	5	17	7	1283
2011	5	19	1	1467
2009	2	6	2	1205
2014	3	10	3	1394
2014	10	40	3	1445
2009	2	6	4	1285
2015	5	20	2	1464
2013	7	30	3	1596
2011	8	31	2	1495
2014	5	19	6	1375
2009	9	38	5	1588
2013	3	13	1	1167
2013	5	20	5	1492
2008	6	23	7	1273
2014	7	27	7	1311
2009	9	38	3	1619
2016	1	4	2	1138
2007	3	11	6	903
2008	11	46	6	1300
2011	6	24	5	1445
2007	10	43	2	1854
2014	11	47	4	1360
2012	8	35	3	1544
2008	9	38	5	1606
2012	10	42	1	1374
2007	11	45	6	1304
2015	10	43	4	1411
2008	3	14	1	1378
2011	1	1	7	1048
2006	11	46	3	1582
2014	10	43	2	1498
2008	3	10	4	1568
2016	2	5	5	1240
2010	5	18	6	1352
2008	3	10	2	1497
2011	8	32	1	1382
2009	9	37	2	1594
2013	8	34	5	1516
2012	7	29	5	1411
2007	8	33	4	1624
2009	9	37	4	1456
2014	3	11	1	1333
2012	12	51	3	1416
2007	7	28	7	1271
2007	8	32	2	1695
2013	9	36	5	1389
2011	2	7	7	1049
2010	1	4	3	1501
2015	6	25	6	1289
2006	4	17	3	1546
2015	7	29	1	1489
2012	9	36	4	1416
2010	7	27	4	1544
2011	10	42	6	1368
2016	2	8	3	1202
2015	2	7	1	1084
2012	9	36	2	1481
2012	1	2	7	957
2010	12	50	3	1243
2009	2	8	7	1098
2006	11	47	1	1537
2016	6	22	6	1264
2011	7	29	2	1549
2013	3	11	7	1175
2013	4	16	4	1457
2014	3	12	7	1149
2010	5	19	5	1593
2011	6	22	4	1513
2009	1	2	6	1136
2013	10	43	2	1465
2016	3	10	3	1412
2012	7	30	4	1457
2014	9	38	2	1465
2011	3	11	4	1455
2011	6	24	7	1291
2013	11	47	3	1407
2011	3	11	2	1529
2010	12	49	2	1390
2008	2	7	5	1593
2011	1	3	4	1447
2015	6	26	7	1089
2006	3	12	6	1329
2011	2	6	1	1347
2009	1	1	5	1370
2009	4	16	2	1324
2011	10	41	7	1191
2014	10	41	7	1262
2013	12	51	1	1310
2009	4	16	4	1340
2008	4	17	7	1188
2015	8	33	1	1447
2016	2	7	2	1121
2014	3	13	3	1387
2014	8	31	7	1280
2008	12	51	7	1062
2010	2	5	1	1281
2014	5	18	4	1419
2014	4	15	4	1383
2014	5	22	5	1461
2009	6	24	4	1516
2014	4	15	2	1458
2010	6	25	4	1522
2012	10	43	3	1463
2007	7	30	5	1618
2016	9	38	3	1392
2011	5	20	5	1559
2016	1	3	6	569
2007	7	30	3	1756
2010	5	20	2	1367
2015	10	42	2	1483
2012	5	18	2	1421
2010	6	22	5	1624
2010	3	13	1	1194
2015	8	34	6	1424
2008	8	33	4	1517
2013	8	33	6	1329
2006	12	51	5	1439
2009	8	36	1	1429
2010	7	29	6	1362
2007	8	31	3	1747
2011	1	3	2	1238
2006	4	17	1	1494
2007	8	31	5	1633
2012	7	28	5	1536
2008	12	50	3	1571
2012	4	17	4	1361
2013	2	6	5	1041
2008	6	23	5	1649
2010	1	2	7	1142
2010	5	20	4	1625
2007	7	29	2	1706
2015	8	31	6	1341
2014	11	47	6	1286
2007	7	29	4	1520
2008	9	38	7	1280
2015	6	24	4	1486
2010	2	5	3	1423
2010	1	53	6	1087
2016	9	39	1	1295
2006	9	38	3	1735
2012	9	39	3	1523
2007	5	21	3	1717
2010	9	36	7	1216
2011	4	16	4	1453
2008	3	10	7	1195
2014	8	34	6	1362
2006	5	18	5	1639
2007	12	52	4	1392
2013	11	48	3	1229
2010	11	47	2	1520
2007	7	29	7	1423
2009	11	49	1	1377
2006	2	8	2	1504
2012	12	51	2	1361
2008	4	15	5	1601
2013	8	32	3	1477
2006	2	7	5	1609
2015	3	11	2	1397
2014	8	34	4	1513
2006	8	32	6	1433
2014	8	33	5	1441
2009	8	34	1	1555
2013	5	19	1	1325
2013	6	23	4	1390
2013	7	28	1	1410
2012	9	36	7	1249
2007	5	20	7	1297
2012	1	1	5	1457
2006	5	20	3	1639
2010	8	31	3	1455
2006	10	40	2	1718
2016	6	22	7	1170
2013	3	11	6	1248
2007	3	11	5	1171
2007	10	43	7	1360
2006	4	16	7	1176
2009	1	2	1	1413
2014	3	12	6	1423
2008	1	5	1	1391
2011	6	22	7	1167
2016	3	10	4	1461
2007	9	38	6	1483
2009	1	2	7	1002
2010	7	27	7	1188
2010	11	44	1	1415
2011	5	21	4	1512
2016	3	10	2	1452
2009	3	10	4	1493
2012	10	40	2	1419
2009	5	19	3	1596
2008	7	30	5	1590
2015	12	50	1	1300
2009	1	3	3	1475
2009	11	45	7	1278
2013	11	47	2	1386
2012	11	46	1	1221
2006	3	12	3	1614
2006	10	43	3	1593
2014	8	32	3	1505
2011	11	47	2	1417
2012	2	7	7	1113
2014	7	29	1	1397
2009	12	53	2	1340
2009	6	26	2	1709
2007	12	50	2	1585
2012	6	24	6	1343
2009	4	16	1	1324
2015	8	33	4	1563
2011	2	8	5	1276
2006	5	20	1	1524
2014	12	51	5	1267
2009	3	13	7	1156
2008	12	51	6	1166
2008	11	45	2	1297
2010	10	41	7	1307
2009	9	39	4	1596
2011	2	5	3	1174
2011	12	49	7	1055
2012	12	49	7	1203
2014	11	46	3	1464
2007	7	30	6	1446
2011	5	20	6	1366
2012	7	27	3	1291
2012	11	45	2	970
2007	4	15	6	1360
2007	4	16	3	1675
2012	5	19	7	1156
2010	9	35	7	1332
2013	8	33	7	1328
2008	1	4	1	1183
2011	5	19	2	1643
2013	8	33	1	1416
2009	11	46	6	1230
2009	3	12	5	1505
2012	1	4	6	1441
2010	10	40	5	1489
2012	7	28	4	1615
2011	4	14	3	1496
2013	3	13	6	1221
2008	6	23	4	1612
2016	8	35	3	1458
2010	1	2	6	1361
2007	1	1	7	1252
2006	8	33	4	1599
2008	5	19	4	1624
2009	11	47	4	1556
2015	12	50	3	1324
2014	11	47	7	1204
2007	1	5	2	1412
2016	8	35	1	1416
2014	11	47	1	1151
2015	3	12	6	1185
2012	2	5	4	1535
2013	11	45	7	1242
2011	11	48	1	1446
2011	1	1	4	1492
2010	2	6	2	1306
2016	6	23	3	1332
2016	5	19	2	1440
2015	7	30	5	1477
2016	2	5	6	1214
2013	1	3	5	1361
2015	11	47	7	1173
2007	10	42	1	1501
2015	7	30	3	1574
2011	5	18	4	1492
2007	9	38	4	1641
2009	3	11	5	1483
2007	12	1	1	1200
2010	10	43	4	1636
2016	3	9	3	1334
2009	8	33	2	1574
2009	6	26	4	1559
2009	5	20	3	1723
2012	12	51	4	1399
2008	12	49	3	1525
2016	3	9	5	1252
2006	7	27	2	1295
2006	2	7	7	1065
2011	4	15	1	1436
2016	10	42	1	1399
2014	8	33	7	1373
2016	10	42	7	1180
2008	7	29	4	1635
2008	6	25	7	1275
2011	11	44	4	1509
2013	6	23	6	1197
2011	8	34	7	664
2012	6	25	4	1459
2012	9	38	4	1513
2015	7	29	2	1392
2014	2	7	3	1358
2011	1	4	3	1161
2009	4	14	3	1563
2014	6	26	2	1471
2015	7	29	4	1558
2015	4	16	7	1216
2008	3	13	3	1614
2015	8	32	2	1476
2013	7	28	7	1298
2007	9	37	2	1525
2007	12	49	4	1463
2006	7	30	5	1598
2007	1	3	4	1578
2013	11	46	7	1283
2009	3	10	6	1457
2009	11	48	1	1426
2009	5	19	1	1279
2013	7	29	3	1512
2013	9	39	1	1431
2012	12	50	7	1117
2009	11	45	5	1416
2013	11	47	4	1453
2011	12	52	4	1330
2010	5	20	1	1455
2011	12	52	2	1294
2012	2	7	5	1526
2013	2	9	2	1352
2015	11	45	4	1453
2006	8	31	3	1545
2009	1	1	6	1281
2014	10	41	4	1498
2010	8	32	1	1462
2008	4	17	4	1498
2009	6	23	6	1239
2006	11	44	3	1889
2010	9	38	4	1628
2011	9	36	2	1252
2008	1	3	3	1593
2010	9	38	2	1511
2009	3	13	5	1540
2008	1	3	5	1620
2007	5	20	1	1684
2010	10	41	5	1517
2015	3	13	4	1286
2011	10	44	1	1321
2016	3	11	7	1065
2013	6	24	3	1565
2016	8	32	2	1453
2015	12	51	1	1320
2007	5	18	2	1652
2012	10	43	6	1305
2008	5	22	1	1164
2007	4	16	1	1400
2013	12	1	1	1308
2006	8	34	5	1507
2009	1	4	2	1391
2015	4	18	4	1474
2012	11	48	1	1314
2011	9	39	3	1521
2009	5	22	6	1333
2007	9	39	5	1679
2016	6	24	7	1154
2014	10	44	3	1464
2007	11	46	2	1599
2012	2	6	5	1528
2016	3	12	6	1232
2007	3	13	3	1624
2016	2	6	7	815
2010	7	29	5	1463
2016	11	48	2	1223
2006	5	21	1	1580
2006	4	17	2	1579
2014	10	40	6	1278
2008	4	14	4	1522
2008	2	8	2	1478
2006	4	17	4	1588
2014	3	10	6	1414
2007	1	1	5	1687
2008	5	19	6	1360
2016	10	43	3	1340
2008	7	28	2	1512
2014	7	27	2	1529
2009	5	21	5	1512
2015	12	52	7	1161
2006	3	10	5	1587
2012	7	28	2	1587
2007	12	49	6	1383
2008	6	26	6	1370
2010	9	37	5	1503
2015	8	35	3	1562
2010	7	30	2	1526
2015	11	47	5	1434
2011	8	32	4	1621
2010	7	30	4	1633
2006	5	18	7	1290
2012	6	26	5	1505
2007	11	48	2	1653
2014	1	3	1	1423
2011	8	32	2	1414
2009	9	37	7	1299
2013	8	34	6	1428
2014	5	19	5	1478
2010	4	16	2	1648
2008	1	1	7	1241
2007	2	7	2	1478
2006	7	29	1	1506
2011	2	7	4	1570
2015	12	53	3	1265
2011	8	33	7	1289
2012	5	21	5	1495
2011	11	44	6	1374
2007	1	4	4	1489
2016	9	36	3	1378
2014	11	44	6	1207
2009	6	25	5	1519
2011	4	17	6	1272
2012	1	2	2	1556
2013	11	44	5	1581
2006	11	47	2	1557
2008	1	2	7	1274
2012	1	2	4	1384
2010	9	37	3	1579
2010	10	42	6	1428
2006	5	19	3	1695
2007	10	43	1	1637
2016	10	41	6	1273
2016	6	26	3	1527
2015	11	46	5	1353
2009	8	34	3	1635
2010	1	4	6	1150
2010	11	44	3	1558
2012	5	22	2	1635
2015	3	10	4	1029
2006	2	6	3	1547
2014	5	21	7	1177
2008	6	23	2	1725
2015	12	52	5	797
2012	5	22	4	1516
2011	3	11	1	1381
2006	1	1	1	1326
2011	1	3	7	1027
2012	11	46	3	1394
2006	10	43	1	1601
2016	6	25	2	1598
2007	10	40	6	1464
2013	1	5	3	1394
2008	4	17	2	1555
2016	6	25	4	1484
2007	2	8	6	1292
2010	1	1	7	1108
2007	1	2	6	1390
2010	8	30	7	1310
2010	2	5	6	1251
2010	1	1	1	1271
2007	9	36	4	1656
2016	5	21	1	1389
2012	6	23	7	1272
2008	7	27	6	1365
2014	4	15	1	1166
2014	5	22	6	1358
2008	4	14	6	1343
2011	12	49	1	1400
2013	6	24	1	1219
2014	7	30	5	1489
2008	5	22	3	1685
2008	9	37	5	1547
2012	7	27	5	1457
2008	7	31	4	1559
2007	4	15	4	1330
2011	11	46	4	1440
2009	5	22	4	1447
2014	1	5	2	1325
2008	3	9	6	1263
2011	8	35	3	1479
2007	11	45	3	1581
2007	12	51	4	1505
2011	11	45	5	1344
2015	7	27	6	1208
2009	2	6	1	1397
2007	8	31	6	1367
2012	6	22	5	1535
2015	7	28	7	1297
2009	9	38	6	1392
2011	4	14	1	1349
2011	12	50	6	1270
2008	11	46	3	1473
2011	6	24	2	1483
2009	5	21	7	1165
2006	6	26	2	1640
2008	9	38	2	1633
2011	6	24	4	1589
2011	2	6	2	1377
2008	9	38	4	1619
2016	9	39	2	1338
2016	10	39	7	1111
2014	10	43	7	1340
2009	12	51	2	1515
2012	9	39	6	1425
2012	3	13	2	1349
2007	4	17	7	1311
2009	7	29	1	1483
2010	9	36	4	1612
2010	7	30	1	1446
2015	11	47	4	1331
2008	1	5	4	1518
2014	9	40	2	1484
2010	5	18	1	1372
2011	8	32	7	950
2015	11	47	2	1407
2013	8	34	3	1479
2009	3	11	6	1359
2006	12	50	4	1542
2011	7	30	4	1552
2014	9	37	4	1528
2007	8	33	3	1717
2006	2	8	5	1299
2015	10	41	6	1225
2016	11	45	5	1203
2009	4	15	7	937
2008	7	29	7	1301
2006	8	32	5	1611
2008	10	43	6	1403
2007	4	15	1	1329
2016	7	28	2	1332
2013	12	50	5	1336
2011	10	42	1	1357
2014	8	34	7	1386
2016	12	48	4	1426
2013	11	44	6	1407
2010	12	50	4	1294
2007	10	43	4	1633
2006	10	40	5	1543
2013	4	16	3	1472
2007	12	49	3	1471
2012	4	14	6	1306
2012	4	17	3	1631
2006	1	52	7	1376
2006	5	18	6	1380
2010	11	44	4	1359
2015	5	18	6	1181
2010	11	44	2	1261
2006	6	23	5	1629
2012	5	22	1	1090
2012	10	40	1	1327
2016	1	2	1	1340
2014	9	38	5	1531
2008	7	30	6	1439
2015	10	41	4	1429
2008	4	14	3	1641
2010	12	49	7	999
2013	4	15	2	1508
2016	11	46	4	1398
2015	5	19	5	1312
2007	11	48	1	1451
2010	3	12	5	1560
2012	11	46	2	1273
2006	9	36	5	1573
2015	4	15	6	1208
2012	8	33	5	1626
2016	12	51	5	1264
2011	8	34	4	1513
2012	6	24	5	1559
2007	8	35	4	1604
2015	5	21	5	1415
2009	3	13	2	1453
2015	4	15	4	1284
2010	10	41	2	1611
2011	12	49	4	1361
2013	4	17	1	1344
2014	9	37	6	1282
2007	2	9	3	1645
2010	2	6	1	1239
2008	2	6	4	1552
2013	12	52	5	1348
2009	12	50	1	1407
2015	10	42	5	1522
2013	2	9	1	1262
2013	10	42	5	1432
2008	2	8	1	1193
2007	9	39	6	1552
2010	9	35	4	1532
2006	4	15	6	1305
2011	7	27	3	1511
2016	4	14	4	1370
2013	8	33	2	1490
2008	1	4	2	1503
2010	4	16	1	1452
2008	2	8	7	1129
2012	10	43	5	1441
2011	8	31	5	1474
2012	6	22	6	1326
2011	4	14	6	1365
2013	3	13	5	1298
2010	4	17	1	1234
2006	6	22	6	1289
2007	1	1	2	1630
2008	6	23	1	1600
2013	10	41	6	1467
2009	5	21	6	1400
2010	3	10	5	1345
2008	9	38	1	1578
2008	2	5	5	1340
2009	10	42	1	1242
2010	6	25	1	1508
2016	7	27	6	1176
2015	3	12	5	1154
2016	8	32	5	1391
2014	2	8	2	1271
2014	8	34	1	1434
2013	6	26	7	1311
2013	12	49	4	1511
2009	5	22	1	1184
2010	2	8	3	1479
2016	3	13	3	1351
2010	3	9	6	1398
2007	10	42	2	1711
2008	8	32	1	1555
2014	9	39	3	1466
2010	11	47	3	1440
2013	12	52	7	1125
2016	3	9	6	1174
2006	2	8	3	1500
2013	9	36	2	1581
2010	11	47	5	1362
2010	4	16	7	1099
2009	10	44	5	1519
2007	2	7	1	1410
2012	11	45	3	846
2012	8	34	6	1394
2006	2	7	6	1235
2006	6	25	6	1292
2011	11	44	3	1470
2015	6	25	1	1427
2015	12	49	2	1281
2014	6	26	7	1235
2015	10	44	1	1307
2015	7	29	7	1212
2012	11	45	5	1306
2011	4	17	5	1543
2014	6	26	1	1410
2009	4	14	4	1485
2013	3	11	3	1506
2014	4	18	1	1304
2006	10	40	3	1654
2015	1	4	2	1349
2009	7	28	1	1425
2006	6	26	1	1655
2014	3	12	3	1362
2006	9	35	6	1109
2012	4	17	1	1404
2009	1	2	2	1481
2012	8	32	5	1486
2013	10	43	5	1428
2016	3	10	7	1132
2009	8	34	4	1639
2015	9	38	4	1448
2016	1	53	7	1068
2015	12	50	6	1360
2009	3	10	5	1528
2016	1	2	3	1257
2006	8	31	6	1406
2016	8	31	4	1363
2011	6	24	1	1471
2006	9	36	7	1299
2008	2	7	2	1235
2007	4	14	3	1303
2006	10	43	2	1574
2014	11	47	2	1254
2009	1	4	1	1018
2010	6	22	2	1575
2006	11	48	3	1520
2016	12	51	7	764
2009	12	53	3	1466
2006	5	20	6	1342
2006	10	42	7	1302
2006	12	49	5	1377
2013	12	51	6	1376
2012	1	2	1	1336
2008	12	51	3	1454
2008	1	3	6	1401
2011	7	29	7	1275
2007	6	24	1	1637
2012	6	23	4	1487
2013	5	21	1	1385
2008	7	27	5	1102
2015	9	37	2	1476
2007	5	20	2	1747
2015	5	22	6	1401
2016	4	17	6	1197
2012	4	13	7	1093
2013	10	40	4	1610
2016	12	48	6	1266
2010	11	45	7	1170
2015	1	2	2	1059
2016	1	3	1	1136
2007	4	16	4	1683
2010	4	14	4	1588
2008	7	31	3	1699
2007	4	15	7	946
2007	4	16	2	1613
2016	7	30	5	1289
2012	11	47	7	997
2014	8	35	3	1490
2016	12	50	3	1411
2011	7	27	1	1145
2008	5	19	1	1471
2007	10	41	3	1750
2016	4	14	6	1302
2006	12	51	2	1519
2008	8	33	3	1621
2007	12	51	7	1230
2010	11	46	7	1177
2012	7	28	1	1479
2011	3	13	3	1455
2006	2	5	3	1562
2006	4	17	7	1238
2010	1	2	3	1439
2012	12	51	7	1181
2012	11	44	7	1032
2010	3	10	7	996
2016	1	4	7	1122
2010	4	13	5	1358
2013	6	24	2	1409
2011	11	45	6	1305
2016	8	32	3	1453
2006	1	3	2	1480
2009	12	51	1	1369
2006	10	41	7	1284
2015	7	30	6	1427
2009	7	29	3	1628
2007	12	48	6	1282
2007	9	38	3	1737
2010	5	18	3	1630
2015	9	39	5	1277
2007	9	38	5	1662
2011	3	13	1	1327
2009	6	26	1	1627
2006	1	4	3	1619
2009	8	33	3	1616
2012	4	15	4	1339
2011	7	30	6	1339
2011	12	51	3	1464
2010	1	4	5	1320
2009	11	46	5	1491
2008	4	15	6	1441
2009	8	33	5	1605
2016	8	35	2	1444
2016	10	42	2	1553
2013	5	22	2	1449
2013	2	7	4	1345
2014	8	33	6	1457
2007	8	32	5	1423
2009	3	10	3	1378
2011	11	44	5	1458
2013	6	23	7	1305
2009	12	52	7	1132
2007	1	4	7	1290
2015	10	44	3	1135
2007	1	1	4	1712
2006	9	39	6	1443
2010	6	24	1	1458
2013	6	23	1	1372
2007	6	23	2	1829
2007	8	32	7	1347
2006	12	52	6	1151
2011	10	42	3	1409
2015	2	7	4	1295
2011	7	29	5	1404
2010	12	50	6	1308
2015	2	8	6	1086
2012	2	8	2	1298
2008	1	2	4	1699
2010	9	37	6	1438
2010	10	42	5	1555
2013	10	42	7	1241
2013	4	16	1	1324
2007	12	49	5	1507
2016	10	41	3	1433
2016	12	52	1	1027
2015	9	38	6	1433
2009	8	34	2	1501
2016	11	44	7	1098
2006	1	5	1	1557
2015	3	10	7	1032
2006	8	35	4	1560
2015	9	36	4	1444
2009	5	19	6	1436
2014	9	38	7	1291
2009	11	45	4	1538
2016	11	44	5	1420
2010	12	49	5	1353
2006	8	35	2	1430
2009	7	27	5	1516
2010	4	15	2	1522
2013	2	8	1	1102
2006	11	48	1	1590
2012	2	7	4	1477
2013	11	47	7	1058
2012	8	33	7	1286
2008	5	21	2	1437
2008	4	17	1	1403
2012	2	7	2	1273
2016	7	29	4	1454
2016	6	25	7	1238
2009	11	45	2	1367
2014	6	25	6	1411
2015	2	7	6	1109
2013	12	51	4	1394
2010	9	38	7	1344
2011	7	28	3	1569
2016	10	44	1	1409
2012	11	46	4	1389
2010	1	1	2	1451
2007	1	2	5	1565
2015	5	21	7	1191
2009	3	13	4	1429
2007	6	24	3	1692
2012	4	16	1	1455
2013	5	21	3	1587
2007	9	36	7	1445
2010	10	41	4	1574
2013	7	31	3	1555
2016	8	34	7	1340
2009	10	42	3	1616
2013	7	28	2	1616
2012	12	49	4	1325
2009	7	27	7	1300
2016	8	33	7	1269
2008	5	22	6	1283
2009	8	35	7	1295
2008	10	41	1	1421
2006	9	37	5	1437
2013	2	5	6	1272
2016	11	47	6	1194
2010	12	48	3	1319
2015	10	42	7	1098
2010	3	11	5	1481
2011	11	46	7	1176
2008	4	14	5	1495
2009	5	22	7	1210
2013	6	24	4	1406
2006	10	43	4	1629
2015	7	31	4	1439
2008	8	33	1	1501
2015	6	23	6	1272
2012	12	48	6	1243
2014	3	10	5	1390
2015	5	20	5	1533
2009	8	32	7	1351
2015	11	48	2	1321
2013	6	25	7	1249
2008	2	9	1	1361
2015	6	24	3	1499
2006	12	48	6	1358
2006	6	22	4	1656
2013	2	6	2	1343
2016	4	15	5	1473
2007	6	25	1	1667
2008	5	19	7	1140
2012	12	52	3	1060
2016	1	4	5	1261
2010	2	5	5	1526
2015	12	52	6	1122
2009	10	43	1	1341
2009	8	31	6	1367
2015	6	24	1	1419
2013	11	45	4	1441
2015	2	6	5	1198
2012	8	35	4	1524
2010	6	25	3	1574
2008	10	40	7	1234
2009	12	51	7	801
2014	6	27	1	1393
2011	10	41	2	1550
2015	10	43	3	1493
2006	9	38	4	1630
2012	3	11	2	1552
2016	5	19	5	1350
2011	1	1	3	1462
2013	12	49	7	1139
2006	11	46	7	1216
2013	1	3	2	1379
2016	12	49	3	1344
2010	5	18	4	1639
2016	9	35	4	1243
2015	11	47	1	1409
2010	5	18	2	1594
2014	7	29	4	1451
2007	3	12	6	1299
2013	10	42	2	1514
2006	2	7	3	1550
2013	10	42	4	1579
2013	9	36	7	1313
2006	11	46	5	1585
2011	1	4	4	864
2011	2	7	3	1537
2009	4	14	7	1163
2012	3	10	1	1339
2014	1	4	5	1273
2011	10	42	4	1563
2006	12	49	6	1272
2007	11	44	6	1356
2013	12	50	6	1103
2010	12	50	1	1316
2011	10	42	2	1519
2015	2	7	5	1107
2016	12	48	7	1078
2013	11	48	4	781
2010	12	50	7	1158
2011	9	37	5	1415
2013	4	16	6	1294
2016	5	20	5	1444
2006	9	35	5	1501
2014	1	1	4	1206
2012	4	17	6	1309
2006	7	27	5	1603
2013	12	51	5	1428
2014	12	52	6	925
2012	4	14	5	1374
2015	8	33	3	1594
2014	11	48	5	1166
2014	5	21	2	1476
2015	5	18	5	1390
2011	5	21	1	1476
2013	9	39	6	1436
2013	5	22	5	1335
2009	11	45	1	1529
2013	4	15	7	1176
2015	1	3	1	1133
2013	5	22	3	1322
2006	6	24	3	1710
2006	3	12	4	1631
2010	3	12	6	1241
2016	4	15	6	1291
2014	2	6	6	1230
2006	12	48	5	1491
2007	11	47	7	1280
2010	8	32	6	1429
2007	6	24	6	1320
2006	8	31	5	1567
2009	4	16	6	1348
2009	6	23	1	1446
2007	8	35	1	1672
2014	10	41	3	1508
2011	2	8	2	1335
2009	2	9	2	1481
2009	3	13	1	1337
2010	10	41	1	1312
2011	7	30	1	1456
2009	2	5	7	1109
2009	9	39	3	1622
2013	5	21	2	1555
2011	2	5	4	1358
2013	5	21	4	1442
2014	5	22	1	1147
2013	6	24	7	1197
2011	5	20	1	1379
2008	5	22	5	1577
2010	6	26	2	1579
2007	7	30	1	1412
2016	9	38	7	1199
2008	2	6	7	1169
2008	6	27	1	1485
2012	9	38	1	1436
2009	12	50	2	1493
2009	5	22	2	1611
2010	6	22	7	1238
2014	10	44	4	1414
2015	10	42	6	1202
2015	6	27	2	1412
2016	5	18	5	1400
2011	7	30	7	1257
2007	3	13	4	1532
2006	11	45	6	1396
2006	3	9	4	1333
2013	1	4	6	1215
2010	7	29	2	1619
2006	2	8	6	1230
2007	1	1	1	1377
2012	1	4	3	1506
2006	6	22	5	1452
2014	7	27	5	1304
2015	12	52	3	1210
2012	9	35	6	1348
2016	4	16	3	1476
2009	5	21	3	1629
2015	6	24	6	1271
2010	4	13	6	1229
2011	2	6	5	1463
2007	11	45	4	1565
2006	1	3	1	1197
2008	10	40	4	1554
2006	10	41	4	1722
2011	9	38	6	1308
2010	12	51	3	1416
2014	2	8	5	1366
2011	1	1	1	1214
2016	2	5	1	1250
2012	3	13	3	1529
2011	10	41	5	1376
2016	11	47	5	1270
2006	12	50	7	1214
2006	5	18	3	1607
2013	2	9	4	1409
2010	8	34	4	1484
2012	3	13	5	1417
2013	11	48	6	1176
2015	9	39	6	1320
2011	10	41	3	1443
2012	1	1	2	1318
2011	5	18	3	1392
2014	1	3	6	1381
2010	11	47	6	1292
2013	6	26	4	1514
2008	3	13	6	1370
2008	2	8	4	1450
2013	9	36	1	1274
2013	4	14	1	1161
2009	10	44	6	1363
2007	6	23	7	1322
2013	2	7	7	1071
2016	8	32	6	1264
2006	7	29	6	1371
2012	11	45	6	1258
2012	8	34	5	1575
2015	1	2	1	1152
2014	7	28	5	1421
2012	5	21	2	1611
2014	1	4	7	1088
2016	1	1	2	1143
2006	9	39	5	1590
2007	6	23	1	1421
2006	3	11	4	1537
2015	2	7	3	1307
2011	7	29	6	1340
2010	8	33	5	1498
2015	5	22	5	1401
2015	8	32	7	1280
2015	1	4	5	1334
2006	7	26	7	1251
2012	5	19	2	1628
2010	7	27	2	1501
2010	5	19	7	1199
2006	7	30	2	1715
2008	11	44	7	1223
2010	11	44	7	1181
2013	9	35	7	1328
2016	1	2	6	1305
2011	3	11	6	1332
2012	11	46	7	1142
2006	9	36	2	1549
2008	12	1	3	1038
2009	12	49	3	1540
2006	9	36	4	1623
2010	5	20	6	1412
2016	9	37	6	1284
2007	11	47	5	1283
2012	8	33	4	1558
2008	10	42	3	1736
2008	5	21	1	1463
2009	9	40	2	1463
2016	7	29	7	1310
2013	1	5	4	1431
2007	3	10	4	1436
2013	8	31	6	1427
2015	2	9	3	1273
2014	10	41	1	1452
2013	12	51	3	1347
2016	7	30	6	1224
2011	10	43	7	992
2006	11	44	4	1530
2015	5	21	4	1438
2006	11	47	5	1319
2009	9	39	1	1502
2011	2	5	6	1264
2016	5	21	6	1239
2014	4	15	6	1338
2010	12	52	2	826
2013	12	52	2	1129
2008	10	41	2	1567
2011	10	40	7	1209
2013	12	52	4	1228
2013	2	5	5	1440
2012	9	38	3	1518
2010	4	14	7	1256
2012	3	12	7	1161
2008	9	37	2	1464
2007	4	15	2	1465
2015	4	18	1	1347
2016	5	18	7	1107
2010	3	13	3	1394
2016	4	14	5	1383
2016	4	14	3	1354
2007	3	9	5	1420
2006	3	9	6	1263
2008	8	33	6	1426
2015	1	4	3	1333
2015	6	23	5	1448
2014	12	50	4	1299
2014	6	24	3	1571
2014	2	5	7	1237
2007	11	46	5	1511
2010	8	35	2	1486
2016	2	6	2	1285
2006	10	40	6	1407
2010	11	46	4	1643
2008	2	9	2	1429
2012	1	4	1	1425
2011	4	14	5	1492
2014	9	36	3	1612
2016	1	4	6	1282
2010	3	10	2	1542
2012	11	44	4	994
2011	5	19	7	1138
2010	3	10	4	1515
2016	9	39	5	1224
2015	9	40	3	1446
2006	3	10	2	1522
2015	1	2	7	1007
2014	7	31	4	1532
2008	6	26	1	1530
2012	9	39	1	1377
2015	8	35	4	1407
2016	2	5	3	1352
2016	5	22	2	1590
2009	7	29	6	1406
2014	8	34	2	1507
2008	11	48	7	1085
2014	12	49	5	1194
2009	4	18	1	1444
2006	4	14	3	1614
2015	5	19	6	1266
2014	1	3	4	1491
2011	3	12	7	1110
2007	4	16	7	1291
2014	9	37	7	1236
2009	8	33	6	1476
2008	11	47	6	1245
2014	9	37	1	1389
2010	4	16	4	1595
2006	7	29	4	1703
2014	8	33	3	1398
2013	5	19	6	1357
2011	1	4	6	1220
2015	10	44	6	1262
2013	6	23	2	1557
2009	12	52	4	960
2014	6	26	4	1449
2016	9	36	4	1396
2008	4	18	2	1460
2012	8	33	2	1550
2013	1	2	4	1503
2014	2	7	4	898
2007	8	32	6	1396
2016	8	33	4	1453
2016	11	44	2	1533
2015	8	32	5	1509
2007	3	11	2	1605
2007	8	34	3	1580
2012	2	8	1	1147
2011	9	37	7	1161
2015	4	14	3	1406
2015	9	38	3	1448
2006	1	5	2	1417
2009	8	34	7	1315
2012	1	52	7	1312
2015	9	38	5	1599
2015	12	50	5	1461
2011	5	21	3	1594
2009	5	19	5	1620
2015	10	41	7	1248
2007	7	31	1	1632
2013	4	15	1	1281
2006	8	35	1	1535
2006	10	43	7	1354
2015	10	41	1	1357
2014	1	5	5	1367
2016	11	44	4	1418
2006	11	48	4	1655
2006	6	26	4	1598
2012	3	11	7	1329
2010	6	23	1	1469
2006	11	48	2	1632
2013	1	1	5	1418
2016	12	51	6	1008
2012	2	7	1	1354
2010	8	32	4	1506
2008	8	34	2	1689
2014	7	29	6	1389
2013	8	31	4	1307
2006	5	20	5	1440
2011	9	36	5	1377
2014	12	51	2	1315
2006	6	23	6	1301
2015	5	21	2	1426
2015	4	15	7	1110
2006	12	52	5	1450
2008	11	45	5	1577
2014	9	38	6	1509
2014	5	19	2	1568
2015	4	15	1	1231
2010	12	49	6	1325
2016	5	21	4	1457
2009	10	42	6	1364
2012	7	31	2	1540
2014	5	22	3	1549
2014	4	16	2	1248
2009	7	27	6	1236
2014	7	30	2	1517
2008	3	13	4	1630
2016	9	38	5	1481
2015	2	5	7	991
2015	4	18	3	1419
2009	7	30	2	1518
2014	1	2	5	1378
2011	9	39	4	1385
2009	10	41	2	1673
2011	9	35	5	1412
2011	7	27	6	1320
2011	5	19	5	1591
2009	2	6	6	1279
2009	8	32	4	1552
2011	3	13	2	1318
2015	11	48	1	1266
2010	4	17	2	1584
2013	5	20	7	1096
2006	7	28	5	1585
2011	3	13	4	1387
2013	9	37	1	1355
2009	9	38	1	1395
2013	10	41	5	1546
2009	6	25	2	1620
2008	11	46	4	1372
2008	5	19	2	1676
2013	2	8	2	1227
2010	5	22	1	1184
2015	9	36	7	1242
2008	2	5	6	1403
2010	3	9	5	1519
2011	2	6	7	1146
2010	6	25	6	1455
2014	2	8	3	1226
2016	7	27	5	1214
2009	12	51	4	1294
2012	3	11	1	1422
2015	2	6	6	1098
2015	8	35	6	1349
2015	1	1	6	931
2011	1	1	6	1081
2016	2	5	2	1446
2010	2	8	4	1109
2016	2	5	4	1425
2010	9	36	1	1243
2010	7	30	6	1323
2007	11	48	4	1461
2010	7	26	7	1149
2012	1	1	1	1085
2013	8	34	4	1417
2009	3	11	3	1676
2009	1	1	4	1223
2011	12	51	6	981
2007	3	12	5	1591
2011	5	22	2	1560
2009	11	46	2	1626
2012	10	41	5	1503
2013	3	12	4	1307
2012	3	13	6	1225
2007	2	7	6	1163
2006	7	29	5	1469
2007	1	4	2	1557
2016	9	35	7	1174
2012	5	21	1	1307
2016	3	13	4	1418
2011	1	4	7	1022
2006	11	46	4	1552
2016	1	1	1	1202
2012	3	10	2	1487
2010	8	31	5	1572
2006	3	11	7	1158
2007	11	44	5	1494
2011	4	17	2	1478
2010	8	33	6	1326
2008	1	2	3	1607
2014	12	1	1	1141
2012	4	17	5	1546
2016	6	26	1	1471
2010	10	42	2	1562
2016	5	20	6	1327
2012	1	1	7	1124
2009	1	3	7	1051
2012	7	30	1	1406
2014	12	52	5	978
2010	1	4	2	1537
2014	11	48	6	1145
2013	4	15	4	1479
2016	2	7	7	1131
2012	5	18	7	1253
2008	7	30	3	1725
2008	6	24	2	1501
2008	12	52	4	714
2014	1	3	3	1490
2016	9	37	5	1397
2016	12	51	3	1416
2013	5	18	3	1500
2010	8	32	5	1499
2013	3	10	6	1309
2011	8	34	1	1458
2013	8	31	5	1456
2007	9	36	2	1741
2014	10	41	6	1230
2008	4	17	6	1301
2013	8	32	5	1484
2007	10	44	3	1530
2014	3	13	6	1154
2007	1	2	2	1596
2008	1	3	1	1482
2007	6	24	5	1582
2014	8	31	6	1359
2009	6	24	1	1513
2016	5	21	5	1395
2016	10	40	6	1249
2009	10	42	5	1388
2014	5	22	4	1650
2008	7	27	2	1609
2013	7	30	6	1416
2014	5	22	2	1540
2012	10	43	2	1491
2016	9	38	2	1428
2014	11	46	5	1284
2010	6	26	1	1541
2009	1	4	6	1329
2016	9	38	4	1497
2008	9	37	1	1548
2015	8	34	3	1561
2007	5	20	5	1612
2015	7	31	1	1485
2007	3	9	6	1292
2007	9	39	3	1653
2013	5	21	7	1132
2007	7	26	7	1329
2006	3	9	5	1427
2010	5	17	6	1319
2008	1	4	7	1203
2010	7	29	7	1243
2008	12	49	5	1508
2013	1	4	5	1259
2016	10	43	7	1234
2016	1	4	3	1337
2011	6	24	6	1356
2007	7	28	2	1522
2008	9	38	6	1422
2011	2	6	6	1353
2016	6	23	5	1412
2013	9	40	1	1554
2008	4	15	1	1476
2015	8	35	7	1252
2011	10	41	6	1147
2011	9	38	5	1364
2015	8	35	1	1510
2007	5	21	7	1173
2014	12	49	6	1075
2010	9	36	3	1627
2010	5	18	7	1109
2009	1	3	5	1316
2015	1	2	4	1035
2010	8	34	7	1344
2010	12	52	1	334
2008	1	5	3	1454
2007	10	42	7	1450
2013	11	48	1	1338
2012	4	18	1	1519
2007	5	18	4	1618
2010	7	29	1	1458
2013	10	42	1	1280
2010	2	6	6	1258
2010	1	3	6	1436
2008	11	47	5	1569
2012	12	52	4	1200
2011	10	40	4	1445
2011	11	48	3	1482
2008	7	29	2	1582
2013	9	36	4	1529
2007	2	7	4	1188
2013	4	14	2	1228
2012	5	21	7	1123
2014	1	4	2	930
2009	3	14	2	1592
2014	7	28	6	1399
2006	7	28	6	1380
2014	1	4	4	1164
2011	10	42	7	1248
2014	1	3	5	1487
2010	12	50	2	1300
2014	10	42	2	1585
2016	6	22	5	1401
2011	7	29	3	1562
2014	12	1	3	875
2011	9	37	4	1382
2010	9	37	1	1332
2013	4	16	5	1425
2007	10	43	3	1627
2010	5	21	3	1556
2014	3	12	4	1488
2009	9	36	2	1606
2016	10	41	4	1397
2012	7	27	7	1245
2009	1	2	5	1494
2010	2	7	5	1391
2014	5	21	3	1603
2011	7	30	2	1551
2014	9	38	3	1565
2011	1	2	2	1376
2014	5	21	5	1432
2011	12	48	7	1135
2008	7	30	1	1528
2008	3	12	3	1399
2014	11	45	6	1326
2010	12	49	3	1416
2009	10	41	1	1418
2010	6	23	2	1611
2009	1	5	5	1431
2013	1	1	6	1267
2007	5	19	5	1516
2014	7	29	5	1443
2011	8	34	3	1566
2009	9	40	1	1362
2012	9	37	2	1456
2013	8	32	7	1380
2007	3	10	7	1178
2010	7	28	1	1466
2010	1	1	5	1444
2012	6	23	3	1553
2010	1	2	4	1564
2016	5	21	3	1440
2012	7	31	1	1517
2011	6	23	2	1623
2012	1	2	6	1215
2007	8	32	3	1565
2011	12	49	3	1355
2012	12	49	3	1429
2014	11	46	7	1186
2013	9	38	3	1501
2008	3	13	7	1107
2008	9	37	7	1349
2015	10	42	3	1489
2008	3	13	1	1399
2012	3	12	4	1555
2010	6	22	4	1599
2016	5	18	2	1370
2007	10	41	4	1588
2008	8	33	5	1559
2016	5	18	4	1352
2006	11	45	5	1586
2006	3	9	3	1535
2011	9	35	6	1363
2010	9	35	3	1544
2007	5	18	6	1369
2011	8	35	1	1328
2008	1	4	5	1458
2011	5	19	6	1308
2014	12	50	7	1203
2012	1	4	4	1485
2013	3	9	7	1086
2012	7	28	6	1496
2015	8	32	6	1408
2016	10	43	5	1343
2012	1	4	2	1608
2013	9	37	2	1403
2015	1	4	6	1059
2013	3	13	2	1380
2009	6	25	1	1468
2008	3	11	2	1571
2012	9	35	7	1236
2010	2	6	4	1214
2015	6	24	5	1467
2012	5	20	1	1370
2011	11	45	1	1472
2008	12	50	6	1316
2013	11	45	3	1458
2015	1	5	4	1159
2009	7	29	5	1535
2014	2	8	6	1423
2007	5	21	5	1584
2010	2	8	6	1178
2015	7	30	1	1444
2008	11	48	4	768
2007	10	42	5	1608
2009	4	18	2	1541
2009	2	7	3	1595
2014	5	20	7	1373
2009	3	11	1	1415
2009	6	26	6	1357
2011	12	51	4	1487
2014	3	11	4	1333
2014	9	37	2	1430
2013	8	33	5	1541
2009	10	44	3	1441
2008	12	49	7	1082
2008	4	15	3	1565
2012	8	31	5	1560
2006	8	32	2	1762
2016	10	42	5	1498
2013	7	28	5	1453
2007	6	23	4	1597
2012	9	38	6	1475
2014	5	19	1	1395
2011	1	4	1	1096
2012	12	52	6	1222
2010	8	31	7	1323
2008	4	18	1	1244
2013	1	2	7	1216
2011	9	37	2	1426
2008	6	23	6	1325
2013	3	11	4	1390
2008	1	2	1	1564
2012	10	40	4	1599
2013	8	35	6	1387
2010	7	27	3	1518
2012	10	40	6	1530
2010	7	27	5	1529
2011	5	21	6	1342
2016	1	2	5	1417
2011	12	48	5	1459
2015	1	3	2	1344
2011	6	26	1	1477
2015	3	10	2	1144
2015	10	41	2	1488
2006	9	36	1	1330
2006	11	46	2	1646
2008	9	36	1	1238
2013	7	27	5	1535
2012	8	33	1	1487
2007	11	47	4	831
2012	6	24	2	1466
2014	7	29	3	1547
2007	11	47	2	1449
2010	8	32	3	1649
2008	8	34	1	1558
2009	7	27	3	1611
2014	1	1	7	956
2015	4	17	2	1486
2009	2	9	1	1264
2015	5	21	1	1493
2007	10	44	1	1442
2007	8	35	2	1625
2014	11	47	5	1299
2012	6	23	1	1312
2015	4	15	2	1354
2008	12	51	4	1553
2011	2	5	7	978
2011	11	45	3	1586
2009	9	39	6	1373
2007	2	5	4	1484
2014	3	9	6	1292
2012	12	49	1	1289
2013	12	52	1	1280
2014	4	16	1	1238
2010	2	5	2	1453
2011	3	10	3	1483
2009	1	4	4	1485
2012	5	19	3	1568
2015	6	27	1	1383
2007	10	41	6	1404
2012	5	19	5	1510
2011	11	46	2	1474
2014	10	44	1	1399
2009	7	30	1	1552
2015	7	31	3	1578
2007	12	51	2	1601
2007	9	39	1	1554
2009	4	17	3	1557
2011	7	27	5	1475
2014	1	2	6	1251
2016	2	6	5	1246
2016	2	8	6	1211
2012	3	11	4	1461
2016	2	6	3	1376
2014	3	10	2	1278
2013	3	9	5	1343
2013	7	29	5	1452
2014	5	19	7	1178
2006	7	29	3	1714
2014	2	9	4	1259
2009	6	25	7	1124
2010	3	10	1	1390
2015	3	12	2	1342
2011	3	9	2	1419
2013	7	29	7	1352
2012	10	42	4	1543
2014	4	14	3	1440
2010	6	25	5	1562
2007	7	27	3	1285
2014	2	6	5	1389
2006	3	13	5	1460
2015	10	44	5	1307
2013	11	45	1	1343
2016	6	23	7	1195
2007	2	6	5	1406
2006	10	41	3	1469
2007	5	21	4	1614
2016	2	5	7	1068
2010	2	8	7	972
2007	11	47	1	1368
2006	8	31	2	1535
2016	3	13	1	1233
2007	11	48	3	1481
2006	4	14	4	1590
2010	7	26	4	1539
2015	9	39	1	1438
2015	11	45	1	1429
2010	1	3	5	1606
2016	4	15	3	1480
2006	1	4	7	1197
2010	11	47	1	1397
2008	1	1	2	1439
2009	11	46	7	1223
2011	5	22	1	1126
2009	11	46	1	1411
2011	6	25	3	1553
2007	2	7	3	978
2013	3	12	7	1122
2007	4	18	1	1618
2008	9	39	3	1644
2012	11	45	1	1083
2011	11	44	7	1120
2010	2	8	1	1285
2007	1	4	5	1229
2006	4	13	7	1232
2011	1	4	2	1362
2009	12	52	3	1249
2006	12	49	1	1461
2006	9	39	2	1749
2014	5	21	6	1312
2013	12	50	3	1360
2015	8	32	3	1617
2008	1	2	6	1501
2010	10	42	7	1278
2009	3	14	1	1444
2010	10	42	1	1424
2012	7	30	2	1544
2010	2	7	6	1321
2007	9	38	7	1485
2015	3	10	5	1180
2015	3	10	3	1265
2012	5	18	4	1530
2009	1	3	2	1612
2008	6	24	1	1420
2008	7	30	2	1636
2013	11	48	2	1319
2008	12	52	7	1216
2010	3	12	3	1555
2009	1	5	6	1243
2015	7	28	2	1531
2007	5	19	6	1438
2007	10	40	3	1700
2011	11	47	7	1285
2009	12	53	1	1332
2012	9	37	1	1396
2014	10	41	5	1375
2008	5	21	6	1304
2013	3	10	5	1197
2016	4	16	4	1473
2016	8	33	3	1576
2007	1	2	7	1243
2012	7	29	3	1543
2014	8	31	5	1482
2007	1	2	1	1502
2007	9	36	5	1622
2012	6	23	6	1370
2009	6	24	2	1482
2011	6	23	1	1401
2016	10	40	5	1361
2008	5	18	7	1186
2013	7	30	5	1456
2016	11	47	2	1291
2008	5	22	2	1778
2008	2	6	2	1507
2007	4	15	5	1500
2014	8	35	7	1187
2011	11	46	5	1455
2010	4	16	3	1659
2009	5	22	5	1573
2011	1	2	1	1264
2007	10	41	7	1274
2014	6	24	4	1602
2011	11	46	3	1355
2014	10	44	2	1574
2007	12	51	3	1461
2007	10	41	1	1365
2016	2	6	6	1050
2010	7	29	4	1622
2007	12	51	5	1588
2015	6	23	2	1305
2015	11	48	4	800
2006	2	9	1	1347
2008	12	50	5	1466
2010	9	39	2	1597
2011	12	50	3	1433
2012	12	52	1	973
2015	9	36	2	1524
2006	8	33	1	1686
2006	6	26	3	1729
2011	11	45	2	1421
2008	4	15	2	1530
2006	5	19	6	1309
2016	10	39	6	1176
2013	7	29	4	1485
2015	2	6	1	893
2010	10	39	5	1408
2011	4	16	1	1364
2009	12	51	3	1478
2006	10	41	1	1488
2007	5	21	2	1712
2006	11	46	1	1540
2010	9	36	6	1395
2014	11	46	2	1369
2012	1	1	4	1425
2006	12	50	2	1686
2006	5	18	4	1607
2007	11	48	5	1484
2015	9	39	3	1489
2015	5	19	1	1251
2009	3	11	2	1521
2006	4	16	2	1519
2011	12	51	7	675
2016	8	33	1	1426
2014	3	11	7	1226
2009	8	33	1	1441
2011	12	51	1	1192
2013	6	26	1	1411
2008	12	49	4	1406
2008	4	15	4	1576
2012	8	31	6	1384
2006	2	7	4	1636
2011	4	15	4	1609
2010	3	9	2	1492
2014	8	33	4	1617
2012	5	21	4	1440
2006	8	32	7	1242
2007	1	4	3	1612
2014	11	46	4	1269
2009	5	20	6	1375
2011	4	13	6	1395
2013	6	23	5	1239
2015	8	35	2	1485
2006	12	49	3	1548
2012	6	25	1	1488
2010	8	31	4	1517
2008	3	13	2	1622
2013	12	50	1	1324
2012	2	8	6	1253
2010	8	31	2	1446
2014	10	42	1	1242
2007	2	8	3	1518
2013	8	35	5	1481
2011	8	33	2	1548
2007	12	49	7	1166
2012	4	14	2	1533
2009	1	4	5	1497
2015	12	49	4	1305
2012	10	40	3	1553
2009	11	48	4	757
2009	5	19	2	1501
2012	7	26	7	1283
2008	7	30	4	1649
2006	6	24	6	1376
2012	5	19	6	1395
2009	11	45	6	1362
2008	4	14	7	1293
2009	12	50	7	1084
2013	7	27	6	1304
2010	3	12	1	1217
2007	12	50	7	1046
2007	4	14	5	1329
2012	2	7	6	1338
2011	8	34	6	907
2008	10	42	6	1384
2012	6	24	7	1162
2008	5	21	4	1539
2015	2	9	4	1243
2013	8	32	2	1457
2015	4	17	1	1221
2006	12	52	2	1342
2013	8	32	4	1458
2016	2	7	4	1251
2010	7	28	2	1433
2006	6	23	1	1598
2007	9	36	3	1689
2009	3	13	6	1364
2015	3	11	7	1130
2009	3	9	7	1143
2010	10	41	6	1388
2007	2	5	7	1018
2012	12	49	6	1253
2008	10	41	5	1684
2010	2	6	3	740
2006	1	2	5	1617
2015	3	13	1	1152
2006	2	5	5	1536
2016	9	38	1	1162
2008	9	37	4	1561
2010	2	6	5	1306
2013	10	44	3	1559
2012	2	8	4	1346
2014	8	35	5	1481
2010	4	14	2	1475
2009	12	50	5	1323
2016	7	30	3	1492
2007	9	39	2	1753
2016	6	24	2	1481
2007	5	18	3	1718
2015	11	44	7	1375
2015	11	48	6	1200
2008	1	4	6	1335
2008	2	9	5	1378
2010	11	46	1	1444
2008	3	11	1	1466
2011	4	14	2	1459
2012	12	52	7	1031
2009	11	47	1	1500
2007	1	1	6	1365
2008	5	19	5	1360
2007	5	18	5	1565
2013	10	41	2	1511
2011	2	6	3	1338
2012	5	20	2	1364
2008	10	40	3	1582
2015	3	12	7	1142
2013	11	45	6	1416
2016	6	23	4	1477
2009	12	52	1	1139
2016	7	27	2	1492
2016	6	23	2	1449
2014	8	34	5	1312
2010	4	17	5	1603
2015	11	47	6	1232
2009	1	3	4	1284
2009	8	32	3	1655
2006	5	21	4	1685
2010	10	43	1	1479
2007	10	42	6	1521
2006	4	14	6	1301
2015	5	19	3	1462
2009	3	11	4	1548
2014	5	20	4	1483
2006	2	8	1	1259
2006	1	4	5	1420
2013	6	26	3	1561
2008	12	49	2	1658
2014	6	23	5	1532
2013	2	7	2	1493
2012	10	41	6	1279
2008	7	27	7	1221
2008	7	29	3	1632
2007	7	28	1	1505
2007	2	7	5	1327
2006	8	32	1	1632
2008	7	29	5	1587
2012	8	34	2	1575
2014	1	4	1	1300
2008	5	20	5	1418
2008	2	8	3	1485
2015	12	49	6	1283
2014	6	26	3	1522
2007	2	6	6	1258
2006	2	6	6	1284
2011	4	17	1	1281
2016	4	16	6	1326
2006	10	40	1	1631
2011	9	37	1	1343
2015	12	51	4	1243
2015	5	22	2	1519
2007	9	37	7	1351
2014	12	1	2	1085
2007	1	3	1	1372
2010	7	27	6	1403
2011	5	21	5	1523
2009	3	10	7	1167
2012	10	40	5	1601
2012	12	50	2	1501
2015	12	50	2	1345
2006	6	24	4	1608
2011	12	48	6	1231
2009	6	25	4	1324
2011	6	26	2	1640
2011	1	52	6	1376
2015	12	52	4	1046
2008	9	36	2	1583
2007	4	14	7	1001
2016	7	29	2	1484
2013	2	8	7	1181
2008	10	42	4	1646
2012	6	24	1	1466
2015	2	9	6	1122
2014	8	32	6	1340
2012	1	3	3	1417
2009	12	49	6	1237
2006	5	20	2	1566
2014	3	13	5	1435
2006	6	23	3	1425
2006	2	5	7	1139
2009	12	49	4	1504
2009	9	39	5	1565
2011	2	5	2	1222
2016	3	11	2	1412
2008	10	41	7	1222
2008	5	18	5	1526
2007	2	9	1	1347
2013	10	44	1	1363
2012	9	38	5	1542
2013	11	46	2	1296
2006	1	1	4	1666
2009	1	4	3	1451
2011	11	45	4	1541
2016	5	18	1	1252
2013	2	9	3	1342
2014	11	45	5	1409
2016	7	30	1	1308
2007	9	39	4	1764
2014	6	24	6	1393
2016	3	12	3	1372
2011	5	19	3	1602
2008	4	16	3	1570
2013	7	29	2	1477
2015	7	27	3	1464
2010	11	46	3	1545
2012	1	4	7	1159
2014	5	19	4	1426
2009	8	32	1	1478
2016	10	43	4	1276
2008	7	28	7	1242
2016	2	8	5	1311
2006	1	3	4	1638
2016	10	43	2	1314
2009	5	21	4	1564
2011	1	1	5	1299
2012	10	42	7	1209
2013	2	8	5	1383
2006	1	3	6	1428
2015	3	12	1	1319
2016	8	32	1	1491
2013	12	49	2	1461
2013	6	22	7	1230
2007	12	52	1	1164
2015	2	6	3	1270
2016	4	15	1	1417
2007	12	52	2	817
2011	10	41	1	1291
2012	3	13	1	1366
2015	7	28	1	1370
2009	7	29	2	1566
2010	2	8	2	1256
2006	12	48	7	1271
2016	3	13	2	1365
2012	6	26	3	1680
2007	10	42	3	1688
2006	4	14	1	1423
2009	2	7	6	1227
2015	9	39	4	1331
2011	9	38	2	1470
2006	4	14	7	1238
2015	5	19	2	1411
2012	4	15	1	1295
2006	1	4	2	1632
2016	4	13	7	1069
2009	8	35	2	1630
2006	1	4	4	1507
2013	2	7	3	1432
2008	11	47	2	1494
2011	4	15	7	1119
2009	2	9	4	1552
2013	2	7	5	1475
2015	10	40	7	1229
2016	8	31	1	1328
2009	12	52	6	938
2008	10	43	3	1478
2015	10	44	2	1338
2016	1	1	4	1393
2008	8	35	5	1543
2011	4	17	4	1428
2007	6	23	3	1737
2012	3	10	7	1097
2010	8	33	1	1421
2009	2	8	5	1398
2011	7	29	4	1527
2015	1	4	1	1118
2012	2	8	3	1448
2007	8	34	7	1342
2015	11	46	3	1390
2011	8	33	1	1453
2016	5	20	3	1586
2015	4	14	7	892
2015	9	38	7	1376
2014	11	48	3	1125
2006	12	52	1	706
2009	12	49	7	1097
2007	3	12	2	1551
2015	1	2	3	1027
2007	1	2	4	1574
2011	1	52	7	985
2015	6	26	5	1466
2009	7	27	4	1473
2009	7	31	5	1468
2009	10	41	6	1390
2007	8	35	5	1585
2016	7	29	3	1481
2013	2	8	6	1250
2010	6	23	5	1560
2015	11	45	2	1323
2008	5	21	3	1642
2014	6	25	3	1569
2016	7	29	5	1365
2008	8	34	6	1343
2007	6	26	5	1503
2015	2	9	1	1155
2006	6	23	2	1599
2015	5	21	6	1246
2007	6	24	2	1659
2012	6	23	5	1511
2008	7	27	4	1490
2013	4	17	4	1488
2015	3	9	7	914
2009	10	42	2	1626
2009	5	18	7	1130
2014	4	16	4	1323
2008	10	41	6	1404
2008	5	18	4	1538
2015	3	13	2	1285
2016	11	47	7	1076
2015	12	51	7	1090
2010	5	21	4	1512
2012	8	33	6	1326
2013	2	5	7	975
2014	2	9	3	1250
2011	3	10	4	1313
2006	10	42	2	1439
2009	4	17	6	1250
2009	7	30	6	1365
2014	6	24	7	1229
2014	3	14	1	1261
2006	4	15	3	1719
2014	1	2	1	1259
2015	6	23	7	1195
2016	11	47	1	1219
2013	5	18	4	1458
2009	8	32	6	1422
2006	5	21	7	1212
2013	2	6	7	969
2009	3	12	3	1575
2009	11	47	2	1646
2011	3	9	7	1005
2010	10	40	3	1679
2008	10	44	2	1292
2014	4	16	6	1267
2016	1	4	4	1406
2010	11	45	2	1463
2014	4	14	4	1408
2009	8	31	7	1233
2012	8	35	1	1361
2010	10	39	6	1508
2011	11	45	7	1209
2015	10	43	6	1216
2015	2	6	4	1232
2010	12	51	5	981
2010	6	25	2	1553
2016	7	27	1	1116
2007	6	22	5	1580
2007	4	17	2	1672
2007	5	21	1	1616
2015	2	6	2	993
2011	4	16	2	1339
2014	12	49	1	1349
2007	2	9	2	1508
2015	1	5	3	1153
2007	12	48	7	1080
2016	12	49	7	1068
2010	10	43	2	1653
2013	4	14	5	1375
2010	8	34	2	1450
2008	8	32	4	1682
2015	5	19	4	1426
2016	8	33	6	1317
2007	8	33	6	1381
2006	4	16	1	1499
2010	3	9	7	1209
2013	10	42	6	1304
2011	12	51	2	1476
2014	9	37	5	1470
2009	11	46	4	1421
2014	6	23	6	1283
2008	4	15	7	1351
2006	2	5	4	1604
2006	8	32	4	1679
2013	4	14	7	1103
2016	7	28	7	1198
2007	1	4	6	1302
2016	1	3	4	1362
2006	4	13	6	1359
2006	3	11	2	1601
2015	6	25	4	1544
2015	12	49	5	1392
2012	3	10	5	1475
2008	11	48	3	1446
2013	12	50	4	1290
2010	8	33	3	1550
2010	8	31	1	1449
2016	12	48	5	1358
2013	12	50	2	1378
2010	12	50	5	1419
2012	2	8	5	1261
2008	1	2	5	1572
2007	9	37	4	1624
2009	7	28	4	1556
2006	8	34	3	1617
2007	1	3	2	1636
2014	8	32	5	1518
2013	4	16	2	1422
2016	5	20	1	1418
2012	4	14	7	1003
2012	4	17	2	1409
2015	12	49	3	1326
2012	4	14	1	1453
2012	6	25	2	1569
2015	5	18	7	1153
2014	11	48	1	1355
2014	7	28	3	1560
2015	3	10	6	1185
2016	8	34	2	1456
2009	11	48	7	1224
2014	9	38	4	1558
2015	10	41	5	1406
2013	5	22	1	1189
2010	12	48	6	1298
2013	4	15	3	1498
2015	1	3	5	1282
2006	6	24	1	1701
2010	3	12	4	1627
2008	2	7	7	1114
2009	10	41	4	1615
2010	12	49	4	1295
2010	3	12	2	1454
2016	4	15	2	1319
2010	6	23	7	1227
2007	12	50	4	1318
2009	4	15	2	1518
2016	12	51	4	1355
2013	5	18	6	1256
2007	3	10	2	1297
2006	6	23	4	1516
2011	10	39	6	1253
2009	2	9	6	1292
2015	4	15	5	1225
2015	2	8	3	1232
2007	9	36	6	1503
2009	4	17	4	1508
2007	10	41	2	1729
2016	3	11	1	1146
2012	12	49	5	1310
2015	5	22	7	1196
2006	1	2	6	1306
2008	2	6	5	1563
2010	5	21	6	1376
2013	9	38	6	1416
2014	2	9	1	1252
2008	2	6	3	1642
2011	10	40	1	1292
2015	10	42	4	1530
2011	11	46	6	1368
2009	12	50	6	1302
2012	3	12	1	1421
2010	6	22	3	1648
2007	12	51	6	1283
2015	7	31	5	1418
2011	7	27	2	1743
2013	10	41	1	1424
2016	6	24	1	1457
2006	12	51	7	981
2014	12	50	2	1069
2015	11	48	5	1240
2009	5	20	5	1574
2013	9	37	5	1474
2006	6	22	7	1323
2012	12	52	2	718
2016	4	16	1	1442
2010	10	42	4	1610
2013	10	41	7	1252
2006	11	45	2	1440
2012	3	9	6	1278
2015	6	24	2	1433
2013	6	25	2	1420
2013	7	29	1	1401
2016	7	27	7	1166
2006	1	3	5	1592
2016	6	23	1	1490
2013	12	49	3	1431
2014	12	49	3	1240
2015	1	5	1	855
2010	9	36	5	1484
2006	12	50	5	1550
2013	12	49	5	1468
2015	11	48	3	1258
2016	12	49	5	1264
2006	12	50	3	1480
2008	11	48	1	1408
2009	1	3	1	1290
2009	2	7	4	1536
2009	3	11	7	1205
2015	9	39	2	1527
2013	6	26	6	1382
2008	12	49	1	1449
2013	9	36	3	1467
2009	10	44	4	1473
2009	10	40	5	1539
2015	3	11	4	1403
2008	7	29	6	1387
2006	6	25	3	1841
2012	8	34	7	1323
2015	10	40	5	1142
2012	8	34	1	1490
2007	8	32	4	1674
2006	10	44	1	1575
2014	7	28	1	1426
2008	5	20	6	1359
2006	12	49	2	1513
2016	1	1	6	1328
2006	9	39	1	1759
2010	6	24	4	1591
2014	7	31	2	1603
2006	12	49	4	1528
2006	5	19	5	1524
2014	9	36	7	1330
2015	2	7	7	965
2013	1	2	2	1425
2008	7	28	4	1499
2015	5	22	1	1181
2013	12	52	6	1294
2014	12	52	2	1140
2006	9	35	7	1211
2007	8	34	5	1560
2014	9	36	5	1527
2015	4	14	5	1340
2016	12	52	4	1183
2007	6	25	4	1629
2006	2	6	5	1474
2015	9	36	3	1499
2010	3	10	6	1027
2016	1	2	2	1301
2012	12	50	1	1406
2008	7	30	7	1322
2014	4	17	5	1439
2015	1	3	7	995
2006	6	24	7	1208
2015	9	36	5	1532
2006	9	36	6	1399
2007	4	14	2	1422
2013	1	1	3	1299
2010	4	15	7	1156
2016	4	15	4	1390
2008	10	42	1	1320
2016	11	46	1	1275
2007	4	14	4	1365
2016	9	37	2	1357
2011	11	47	4	751
2011	8	34	5	1351
2008	10	42	7	1218
2012	6	24	4	1496
2008	5	21	5	1631
2013	8	32	1	1360
2008	8	34	4	1592
2006	8	33	2	1670
2013	12	51	7	1304
2011	7	28	6	1391
2006	7	28	1	1647
2015	9	37	7	1191
2012	4	16	4	1538
2006	12	52	7	951
2016	4	17	3	1279
2012	3	9	4	1371
2010	12	52	4	1123
2014	9	39	6	1414
2011	7	30	5	1415
2009	10	43	4	1577
2014	11	46	1	1439
2013	10	44	4	1513
2006	1	1	7	1282
2010	3	9	1	1281
2013	9	38	4	1525
2010	4	14	5	1543
2013	12	48	7	1192
2013	10	44	2	1462
2006	3	13	2	1563
2011	10	40	3	1511
2013	11	46	1	1201
2012	11	47	2	1368
2014	8	35	4	1526
2016	12	50	6	1011
2010	4	14	3	1536
2011	3	10	6	1419
2012	3	12	3	1586
2016	7	30	4	1421
2007	9	39	7	1314
2014	8	35	2	1480
2011	4	13	5	1308
2016	7	30	2	1489
2009	7	30	4	1438
2016	4	14	7	1153
2012	2	6	3	1471
2008	1	4	3	1632
2013	1	4	2	1223
2008	8	33	2	1619
2014	1	2	3	1297
2015	6	23	1	1276
2010	11	46	6	1425
2006	9	38	1	1550
2013	11	45	5	1437
2006	10	41	6	1304
2010	9	39	1	1438
2013	9	37	7	1324
2016	10	43	1	1331
2016	4	16	7	1139
2011	3	9	5	1442
2012	11	44	6	916
2006	7	28	3	1555
2016	11	44	6	1300
2010	4	13	4	1455
2014	4	14	6	1342
2015	9	40	1	1376
2012	3	11	3	1562
2015	3	12	4	1320
2014	6	24	1	1360
2006	1	3	3	1522
2010	12	51	7	568
2014	2	8	1	1060
2014	2	6	2	1300
2007	6	22	7	1234
2015	8	35	5	1522
2014	12	49	2	1263
2010	3	9	4	1556
2006	12	50	6	1254
2008	11	48	6	1274
2014	12	49	4	1202
2013	1	3	7	1115
2016	12	49	4	1403
2013	11	48	5	1311
2015	9	39	7	1189
2013	5	18	7	1191
2016	7	29	6	1349
2007	8	33	5	1494
2014	5	20	3	1534
2013	6	26	5	1473
2012	10	41	3	1511
2008	11	47	7	1107
2007	7	28	4	1671
2013	2	7	6	1307
2008	9	39	4	1484
2015	2	9	2	1094
2012	8	34	4	1584
2015	10	40	4	1333
2008	6	25	5	1619
2011	10	43	2	1474
2006	9	39	4	1734
2006	10	44	2	1597
2015	6	25	7	1210
2014	2	7	1	1219
2008	4	18	3	1472
2013	1	2	5	1384
2009	2	8	6	1318
2015	5	22	4	1438
2013	1	2	3	1469
2015	8	32	4	1639
2007	8	34	2	1377
2009	9	36	6	1431
2011	9	37	6	1250
2008	3	11	4	1560
2007	8	34	4	1640
2013	8	35	2	1515
2014	1	1	5	836
2015	4	14	4	1438
2011	5	17	7	1135
2013	10	43	3	1457
2012	7	30	7	1260
2010	2	7	3	1279
2014	5	21	1	1395
2011	5	21	2	1637
2013	9	39	3	1577
2015	1	3	6	1157
2009	12	49	2	1480
2010	8	34	3	1456
2012	10	44	2	670
2008	2	7	4	1352
2008	9	36	5	1622
2009	10	41	3	1542
2007	4	14	1	1397
2013	1	1	2	1395
2014	11	45	2	1428
2008	10	42	2	1657
2009	4	15	1	1334
2012	1	3	6	1108
2013	1	1	4	1369
2007	5	19	3	1635
2008	8	34	3	1618
2014	7	29	7	1340
2012	9	37	4	1463
2016	5	17	7	1005
2008	8	32	7	1322
2008	8	34	5	1622
2009	6	23	4	1333
2015	4	17	6	1241
2009	2	9	5	1576
2014	5	18	7	1226
2009	6	24	7	1230
2011	6	23	4	1347
2010	12	52	5	1017
2016	11	47	4	759
2014	4	16	3	1407
2008	10	41	3	1551
2008	12	50	2	1536
2016	1	3	7	635
2008	3	13	5	1526
2010	4	14	6	1283
2011	3	10	1	1257
2007	5	22	2	1903
2010	7	28	7	1276
2015	4	18	2	1383
2010	1	3	2	1568
2006	10	42	1	1552
2011	9	39	1	1559
2009	7	30	3	1628
2011	1	2	4	1262
2008	4	16	6	1310
2014	1	2	4	1400
2015	6	23	4	1402
2009	7	30	5	1448
2014	6	24	2	1451
2006	12	51	4	1510
2011	9	35	4	1493
2009	2	6	3	1370
2014	1	2	2	1091
2007	3	13	1	1539
2006	11	45	1	1617
2010	11	46	5	1518
2011	5	19	4	1651
2008	2	9	3	1520
2013	9	37	6	1341
2009	9	38	4	1705
2011	6	25	4	1531
2013	2	6	4	1313
2006	7	28	4	1684
2008	11	46	1	1435
2014	5	19	3	1538
2016	2	6	1	1161
2012	11	44	5	963
2006	7	28	2	1643
2008	11	47	1	1423
2015	8	31	7	1313
2014	9	39	5	1388
2013	6	25	1	1499
2014	4	14	7	1131
2015	9	40	2	1415
2010	1	53	7	994
2011	1	2	6	1296
2007	11	45	1	1582
2006	9	38	2	1635
2014	7	30	7	1427
2007	6	22	6	1393
2015	1	5	6	1062
2008	3	10	5	1467
2011	1	1	2	1496
2006	11	46	6	1293
2016	12	49	2	1340
2016	9	35	5	1367
2006	4	14	2	1618
2009	2	7	7	1090
2015	5	19	7	1143
2012	7	29	4	1558
2008	12	52	2	1335
2009	2	7	1	1331
2009	9	37	5	1242
2007	3	12	7	1270
2006	1	4	1	1622
2011	5	20	4	1534
2007	7	28	6	1378
2013	3	12	2	1240
2008	9	39	6	1400
2012	8	31	3	1420
2011	2	7	6	1304
2011	1	4	5	1207
2011	10	40	6	1319
2016	7	28	4	1455
2009	12	52	5	695
2012	9	36	5	1486
2016	9	38	6	1264
2016	1	1	5	1414
2012	3	10	6	1215
2016	8	31	2	1360
2007	11	44	7	1327
2006	3	13	1	1628
2014	10	42	4	1519
2016	5	20	4	1493
2016	9	36	1	1232
2009	7	28	7	1145
2006	7	29	7	1292
2016	8	33	5	1461
2011	6	22	5	1536
2016	5	20	2	1570
2014	12	52	7	939
2010	7	27	1	1286
2014	11	48	4	662
2012	7	30	5	1494
2008	9	37	3	1639
2014	11	48	2	1351
2006	3	11	3	1660
2014	4	17	6	1374
2016	11	46	2	1209
2011	3	10	7	1171
2014	8	35	1	1372
2011	6	25	6	1443
2011	3	11	3	1437
2012	5	18	3	1556
2011	1	3	5	1420
2007	7	27	5	1518
2008	3	12	5	1447
2010	4	15	4	1486
2013	7	27	3	1465
2013	2	8	3	1340
2014	2	6	7	1112
2016	5	21	7	1164
2016	9	37	1	1297
2007	11	47	6	1256
2010	8	32	7	1302
2009	4	16	3	1305
2014	2	6	1	1105
2016	7	30	7	1139
2012	8	32	3	1661
2014	1	1	3	1501
2011	2	8	7	1188
2013	1	5	1	1174
2013	3	10	2	1359
2016	2	7	3	1315
2006	6	23	7	1257
2014	10	41	2	1510
2015	4	17	4	1362
2009	2	9	3	1533
2006	3	11	5	1490
2014	3	13	2	1358
2015	8	34	5	1547
2015	9	37	4	1313
2014	5	18	5	1526
2009	9	39	2	1634
2009	6	24	5	1518
2011	2	5	5	1329
2010	11	45	1	1314
2014	4	15	3	1449
2014	4	16	5	1384
2007	7	30	4	1615
2013	7	30	2	1473
2010	6	26	3	1600
2006	9	37	3	1671
2012	11	47	1	1317
2012	5	19	1	1356
2014	10	44	5	1385
2015	8	34	7	1307
2009	4	17	7	1270
2008	4	16	4	1519
2009	4	17	1	1206
2006	11	45	7	1251
2006	3	9	7	1160
2013	1	4	7	1068
2009	8	32	5	1590
2010	7	29	3	1545
2007	8	31	4	1710
2010	4	17	3	1552
2011	3	9	6	1369
2013	10	41	4	1496
2007	2	6	3	1491
2007	6	25	7	1395
2008	12	1	2	1367
2007	7	29	5	1663
2008	2	5	7	1267
2011	2	6	4	1470
2010	5	19	2	1470
2016	7	27	4	1435
2012	5	20	7	1321
2015	2	6	7	1053
2010	12	51	4	1291
2014	10	43	5	1511
2011	9	38	7	1294
2014	10	40	4	1516
2010	12	51	2	1356
2012	9	39	4	1469
2013	12	49	6	1316
2011	7	26	7	1171
2011	9	38	1	1308
2009	1	5	1	1304
2010	8	34	5	1543
2011	5	18	6	1235
2012	7	29	6	1350
2012	1	1	3	1276
2007	3	12	1	1345
2012	4	15	2	1370
2014	3	11	2	1400
2014	1	3	7	1181
2011	3	12	2	1536
2014	5	20	1	1439
2007	6	26	6	1382
2012	10	41	1	1226
2010	3	11	3	1546
2009	10	40	6	1393
2013	4	14	6	1238
2014	7	28	4	1597
2012	5	21	3	1638
2013	5	19	3	1370
2014	1	4	6	1205
2016	1	1	3	1320
2008	8	35	6	1426
2014	7	28	2	1479
2006	12	49	7	1258
2013	12	50	7	1013
2010	8	33	2	1524
2015	4	16	5	1444
2010	6	24	7	1170
2007	2	6	1	1234
2010	8	33	4	1540
2014	10	42	6	1576
2007	3	11	7	1133
2006	7	26	6	1369
2009	9	36	4	1511
2006	7	30	7	1303
2008	3	11	6	1373
2014	12	52	1	1066
2012	4	14	4	1441
2008	11	44	6	1452
2010	2	7	1	965
2009	6	25	3	1526
2008	6	24	6	1412
2012	12	1	1	1099
2016	11	45	3	1295
2010	5	20	3	1503
2006	6	24	2	1648
2008	3	12	7	1088
2010	3	12	7	1140
2016	4	15	7	1183
2008	9	36	7	1345
2009	10	41	5	1506
2015	9	36	6	1380
2016	9	37	7	1225
2010	6	23	6	1317
2012	1	3	4	1347
2009	9	40	3	1522
2007	5	19	1	1592
2015	8	33	6	1397
2007	3	10	5	1493
2016	2	7	1	966
2013	8	31	7	1299
2012	9	37	6	1410
2007	3	10	3	1411
2014	12	51	7	911
2010	7	28	5	1546
2016	8	34	1	1416
2011	7	28	5	1562
2008	6	24	4	1624
2016	10	40	2	1460
2012	3	9	7	1231
2013	4	17	7	1187
2008	9	40	1	1574
2007	7	31	2	1783
2006	3	12	1	1531
2012	4	16	7	1104
2009	10	43	7	1281
2013	10	40	2	1503
2009	8	35	1	1509
2011	6	23	6	1287
2010	12	52	3	1083
2013	9	38	1	1393
2016	2	8	2	1171
2008	2	6	6	1387
2010	5	21	7	1200
2013	9	38	7	1294
2012	9	38	2	1328
2009	12	50	3	1368
2012	3	12	6	1355
2012	11	48	3	1439
2010	5	21	1	1510
2008	10	44	1	1539
2016	12	50	5	1125
2010	12	48	5	1396
2014	7	31	3	1573
2016	5	18	6	1209
2009	1	5	3	1182
2007	3	9	4	1549
2014	12	50	5	1276
2014	2	5	6	1332
2013	1	4	1	1115
2015	6	26	6	1262
2014	12	50	3	1251
2007	7	27	7	1291
2015	5	20	3	1600
2011	8	31	3	1470
2014	9	36	2	1558
2013	5	20	2	1422
2014	9	36	4	1521
2016	4	16	2	1373
2013	7	27	1	1346
2010	4	13	7	1050
2012	8	35	2	1470
2006	3	10	7	1174
2012	10	42	2	1484
2012	5	20	5	1584
2015	10	43	5	1377
2008	6	26	4	1656
2007	4	17	1	1547
2006	10	41	5	1541
2006	12	52	4	1446
2011	9	38	4	1546
2015	7	30	4	1696
2007	12	52	7	1199
2014	12	49	7	1073
2010	8	34	6	1309
2012	6	26	6	1324
2007	10	42	4	1716
2012	7	29	7	1345
2006	4	16	6	1157
2010	10	43	5	1649
2009	9	37	6	1358
2014	5	20	6	1368
2016	12	49	1	1308
2012	7	29	1	1427
2011	12	51	5	1332
2012	12	51	5	1310
2008	11	47	4	1525
2014	3	11	5	1378
2016	3	9	4	1350
2015	3	11	1	1333
2008	12	49	6	1295
2014	6	23	1	1486
2007	7	28	3	1640
2012	8	31	4	1550
2013	4	14	3	1382
2006	8	32	3	1766
2013	3	10	7	1091
2010	9	36	2	1529
2012	2	9	1	1358
2012	6	25	5	1441
2008	5	20	1	1388
2016	9	36	2	1483
2015	7	29	5	1404
2010	8	31	6	1371
2006	11	47	3	1416
2013	3	11	1	1273
2013	8	32	6	1351
2007	9	37	3	1760
2009	9	36	5	1503
2015	11	46	6	1182
2011	8	33	4	1430
2009	6	27	1	1494
2012	10	40	7	1183
2014	12	51	4	1315
2006	2	6	2	1582
2011	12	48	4	1524
2012	12	50	6	1303
2013	7	31	1	1419
2011	12	52	5	1394
2011	2	7	5	1533
2011	1	3	6	1184
2009	2	7	2	1467
2013	7	27	4	1200
2009	6	26	3	1520
2008	9	36	6	1217
2013	1	1	7	1142
2015	11	45	5	1412
2012	6	24	3	1526
2007	10	40	5	1698
2013	1	5	2	1360
2006	7	27	3	1803
2007	3	10	6	1377
2010	9	38	5	1657
2015	4	17	3	1489
2016	2	7	6	1217
2014	3	13	1	1290
2008	12	51	1	1374
2014	3	11	3	1399
2008	1	3	4	1543
2007	2	5	5	1462
2015	3	13	5	1267
2014	3	9	7	1110
2016	3	11	6	1275
2014	7	30	4	1526
2013	9	38	2	1459
2006	3	13	4	1517
2012	10	43	7	1128
2011	10	40	5	1445
2013	11	46	6	1442
2012	3	12	5	1532
2007	5	22	1	1255
2016	6	24	6	1276
2015	7	31	2	1437
2016	9	37	4	1471
2011	9	35	7	1234
2008	4	16	1	1451
2012	2	6	4	1465
2014	12	50	6	1205
2014	3	10	7	1107
2014	11	46	6	1207
2016	11	48	3	1304
2007	8	31	7	1328
2006	4	17	5	1645
2013	9	37	3	1492
2009	9	38	7	1197
2014	9	36	1	1291
2006	8	33	7	1358
2011	12	50	5	1481
2009	11	47	7	1170
2008	11	46	2	1379
2007	7	29	6	1404
2007	1	5	1	1333
2009	6	24	6	1390
2012	10	42	5	1524
2015	3	12	3	1460
2012	2	5	7	1034
2012	10	42	3	1532
2016	9	39	3	1453
2013	3	9	6	1254
2016	6	23	6	1306
2014	10	43	6	1479
2015	1	5	5	1159
2012	9	39	7	1218
2007	12	52	5	1423
2010	2	8	5	788
2010	7	30	3	1517
2011	4	16	7	1050
2016	9	35	6	1261
2008	3	10	6	1249
2008	11	48	5	1368
2011	8	32	5	1469
2012	6	26	4	1481
2009	1	3	6	1248
2009	4	18	3	1650
2010	7	26	6	1265
2013	8	34	1	1429
2010	10	43	7	1195
2006	5	22	3	1631
2010	1	3	1	1235
2012	1	5	2	1543
2012	10	41	2	1489
2014	2	9	5	1276
2008	1	1	6	1439
2009	11	46	3	1477
2014	6	23	3	1530
2007	7	28	5	1590
2008	6	22	7	1244
2012	10	41	4	1490
2015	12	53	2	1221
2013	3	12	5	1328
2008	7	29	1	1497
2009	5	20	2	1672
2007	2	7	7	1110
2016	2	9	1	1260
2013	7	30	1	1498
2012	6	25	7	1350
2006	8	34	4	1691
2012	9	36	6	1388
2012	1	2	3	1468
2013	1	2	6	1305
2011	4	17	3	1475
2014	7	28	7	1300
2016	6	26	4	1440
2006	5	19	2	1624
2008	1	2	2	1699
2007	9	37	1	1616
2007	8	34	1	1515
2010	5	19	1	1409
2010	9	37	4	1426
2010	10	42	3	1639
2015	11	46	4	1392
2010	1	4	7	1032
2016	10	41	1	1202
2011	6	22	6	1435
2012	5	22	3	1616
2012	7	30	6	1426
2010	2	7	2	1120
2013	11	46	4	1519
2015	1	3	3	1305
2015	3	10	1	1160
2012	5	18	6	1345
2011	1	2	3	1044
2008	6	24	3	1682
2008	12	52	3	936
2009	1	4	7	1038
2014	1	5	3	1279
2015	7	28	4	1473
2015	11	45	7	1136
2012	1	3	7	1010
2007	12	50	1	1458
2007	5	19	2	1597
2007	10	40	7	1376
2008	4	17	3	1502
2015	8	33	5	1584
2012	1	3	1	1073
2016	6	25	5	1400
2012	9	37	5	1569
2014	1	1	6	1021
2011	2	8	4	1328
2013	3	10	1	1175
2007	10	44	2	1603
2014	3	13	7	1034
2015	11	49	1	1284
2014	8	32	2	1476
2007	1	2	3	1586
2008	11	45	3	1451
2010	9	35	6	1444
2011	1	2	5	1325
2014	5	18	6	1347
2016	10	40	7	1116
2015	3	13	7	1103
2008	7	27	3	1618
2011	6	23	5	1477
2016	3	11	4	1298
2013	7	30	7	1280
2015	12	51	2	1457
2007	7	30	7	1326
2013	12	1	2	1079
2011	5	20	7	1173
2006	1	2	3	1593
2011	3	10	2	1488
2008	7	28	1	1402
2007	9	35	7	1281
2007	12	51	1	1398
2015	8	34	2	1505
2008	3	9	7	1191
2011	11	46	1	1382
2007	2	6	2	1328
2016	3	12	7	999
2015	8	34	4	1456
2009	4	17	2	1508
2008	4	16	7	1160
2014	1	2	7	1258
2006	11	45	4	1688
2015	7	27	7	1315
2006	5	21	2	1739
2012	2	6	6	1305
2009	3	12	6	1362
2008	12	50	7	1109
2014	3	12	1	1255
2007	5	18	7	1270
2010	10	40	6	1464
2008	12	50	1	1322
2011	12	50	7	1014
2016	10	43	6	1282
2006	7	28	7	1265
2008	12	1	1	1365
2011	3	9	3	1517
2008	9	38	3	1651
2014	4	14	2	1435
2009	3	12	4	1488
2016	11	48	1	1301
2008	3	11	5	1526
2010	12	51	1	1245
2010	6	23	3	1386
2007	1	3	7	1130
2016	5	19	3	1495
2011	4	16	5	1339
2012	2	9	3	1365
2007	5	21	6	1331
2009	9	36	3	1535
2013	1	3	4	1478
2007	1	3	5	1554
2011	5	18	5	1517
2010	1	2	1	1329
2006	5	22	1	1215
2006	4	16	4	1583
2007	3	12	4	1581
2010	1	3	7	1180
2011	3	12	1	1265
2008	1	1	4	1336
2011	6	25	7	1286
2014	12	52	4	700
2013	3	12	3	1393
2015	3	11	3	1329
2008	9	39	7	1290
2011	6	25	1	1447
2013	11	47	5	1479
2008	12	52	5	1295
2007	1	4	1	1428
2008	9	39	1	1549
2007	2	6	4	1448
2008	6	25	6	1463
2012	3	10	3	1491
2014	2	7	2	1263
2008	5	20	3	1668
2006	3	11	6	1305
2007	11	44	4	1700
2010	8	33	7	1195
2015	4	16	6	1355
2014	10	42	3	1588
2007	10	43	6	1285
2011	6	24	3	1650
2014	10	42	5	1615
2008	3	11	3	1639
2016	5	20	7	1214
2008	7	28	3	1586
2013	8	35	1	1427
2006	7	30	4	1595
2016	3	10	5	1442
2011	8	33	6	1360
2014	11	48	7	1134
2008	6	23	3	1631
2010	2	7	4	1384
2009	11	48	2	1561
2006	1	1	2	1395
2012	12	50	4	1335
2008	6	24	5	1659
2011	10	43	1	1359
2016	2	8	1	1347
2007	7	27	4	1702
2015	7	28	6	1283
2008	3	12	4	1553
2013	7	27	2	1507
2011	11	47	3	1372
2009	1	5	4	1404
2007	12	50	3	1590
2007	5	19	4	1635
2007	2	8	7	1153
2011	8	34	2	1597
2012	9	37	3	1571
2009	6	23	7	1236
2010	2	5	7	1008
2012	10	44	1	423
2011	9	36	3	1249
2015	4	17	5	1359
2007	2	8	5	1329
2007	9	36	1	1160
2010	7	28	6	1389
2011	4	15	2	1381
2007	3	11	4	1568
2012	6	23	2	1559
2016	10	40	1	1249
2008	9	40	2	1540
2011	6	23	3	1562
2011	12	49	6	1340
2008	3	12	2	1532
2012	12	49	2	1406
2010	2	6	7	941
2006	1	2	1	1550
2012	7	27	2	1547
2010	5	21	2	1646
2006	3	12	2	1621
2006	8	34	6	1375
2011	9	39	2	1548
2009	1	5	2	1442
2007	3	9	7	1250
2007	10	41	5	1604
2016	6	24	4	1527
2007	11	46	3	1588
2015	7	27	5	1431
2016	3	12	5	1269
2008	1	4	4	1498
2014	11	45	7	1241
2012	7	28	3	1559
2013	1	4	4	1207
2016	2	8	7	1047
2010	10	40	4	1601
2014	10	40	7	1272
2010	9	39	4	1555
2013	3	13	7	964
2012	12	52	5	1314
2011	11	47	1	1446
2014	11	45	1	1297
2006	8	33	5	1545
2013	5	20	1	1377
2009	11	47	5	1637
2014	7	27	3	1370
2007	1	5	3	1419
2014	2	6	4	1259
2013	7	29	6	1409
2007	3	13	2	1596
2006	3	10	4	1563
2012	2	5	5	1423
2012	5	20	6	1342
2007	11	45	2	1423
2008	6	26	7	1251
2007	7	27	2	1565
2013	11	45	2	1314
